4.942822035843855 -6.809021674338399 1 1.299541866389844 1
10.02649158837405 -4.499622568574334 1 1.299541866389844 1
-1.27852273391916 -4.219545909099564 1 1.299541866389844 1
-2.76838441468501 -6.2915506558984 1 1.299541866389844 1
0.2864014723047856 1.897634679751167 1 1.299541866389844 1
10.68378529468761 3.714356373475932 1 1.299541866389844 1
-7.52645860787883 -12.23800630952306 1 1.299541866389844 1
8.940490506336694 3.005939249694972 1 1.299541866389844 1
10.9900428924169 -2.156622270664426 1 1.299541866389844 1
6.160854285872206 1.334453810447349 1 1.299541866389844 1
-2.748714341316758 4.230289419068517 1 1.299541866389844 1
-1.249527728260496 -0.4520754716219783 1 1.299541866389844 1
-2.629037938387231 2.936316361996086 1 1.299541866389844 1
-9.501055625424097 -5.000931249489659 1 1.299541866389844 1
1.392341786933115 6.0726496315516 1 1.299541866389844 1
-1.668692213063736 -5.51883173339569 1 1.299541866389844 1
8.796919310161421 10.1953903194857 1 1.299541866389844 1
-2.076374518430794 11.67000186772466 1 1.299541866389844 1
-7.807191020287525 -9.444641643479233 1 1.299541866389844 1
1.677859290319144 -1.822122531279228 1 1.299541866389844 1
0.9202571738589699 7.392387529434552 1 1.299541866389844 1
-8.900760456640828 -0.341946547907321 1 1.299541866389844 1
-6.305441233484725 -0.2605652396820153 1 1.299541866389844 1
2.222847955629996 5.073127851883489 1 1.299541866389844 1
5.778207891681325 -3.286397408320647 1 1.299541866389844 1
-1.52988183348292 -6.810904356166843 1 1.299541866389844 1
6.503499799092749 -11.54415087907998 1 1.299541866389844 1
10.4334935711182 6.822435373677064 1 1.299541866389844 1
9.556127992409394 -7.998243818742059 1 1.299541866389844 1
-2.715331927809125 -0.08895245139944948 1 1.299541866389844 1
4.832427239690505 -1.690909834487465 1 1.299541866389844 1
8.16411803423847 -8.149181570429956 1 1.299541866389844 1
-6.869909223312451 -1.431096839094548 1 1.299541866389844 1
-1.535114785604829 3.765893170375437 1 1.299541866389844 1
5.622328147773146 7.943449081423868 1 1.299541866389844 1
-7.420560188994556 -2.717086908243879 1 1.299541866389844 1
-5.315237119182918 6.528438712275265 1 1.299541866389844 1
-5.198870482648934 -5.791705999710454 1 1.299541866389844 1
5.976374676061243 -7.596701758820398 1 1.299541866389844 1
-8.773153221113434 10.43638658857662 1 1.299541866389844 1
3.427894700098763 -3.653741976587883 1 1.299541866389844 1
4.933624068048844 -5.509590505209639 1 1.299541866389844 1
-3.883631090114366 -5.604191712448239 1 1.299541866389844 1
-9.925244919345216 8.158054806015366 1 1.299541866389844 1
-4.376523586631051 -4.401802296837176 1 1.299541866389844 1
-1.728120814789524 0.7560276079612344 1 1.299541866389844 1
-8.491228682769313 -5.818823196000962 1 1.299541866389844 1
-1.582593176633823 7.327952157828139 1 1.299541866389844 1
7.226226734797475 -7.202311446056608 1 1.299541866389844 1
-2.464224152708358 -9.397282980680599 1 1.299541866389844 1
6.14168866879264 -6.307739546025005 1 1.299541866389844 1
9.430017062860614 7.648132424680417 1 1.299541866389844 1
7.720479823926524 6.985557963323249 1 1.299541866389844 1
0.9849343636273818 3.130745654278921 1 1.299541866389844 1
-6.626376597309603 -8.507888835598948 1 1.299541866389844 1
-5.861753804896483 2.290891045946326 1 1.299541866389844 1
6.92016540825384 8.009381962067357 1 1.299541866389844 1
1.635967503750604 -9.113428626293336 1 1.299541866389844 1
-6.138453383572321 -2.50521063505645 1 1.299541866389844 1
3.092027312637023 0.8943607770987959 1 1.299541866389844 1
4.412008137847558 8.416501003015428 1 1.299541866389844 1
-9.718557733536201 1.74692956028434 1 1.299541866389844 1
8.242409426006914 8.175643592103684 1 1.299541866389844 1
1.870074485247626 -4.925577098380076 1 1.299541866389844 1
-3.753118932951576 -9.562708172869735 1 1.299541866389844 1
-5.664001606508694 -4.578275453186023 1 1.299541866389844 1
8.004241480029901 -10.02251462942226 1 1.299541866389844 1
-8.99333630981703 -7.485727513602543 1 1.299541866389844 1
-7.874645934101628 -8.146870572174253 1 1.299541866389844 1
2.407705332171375 10.56853907978266 1 1.299541866389844 1
2.381686622382323 -10.17768544190471 1 1.299541866389844 1
-8.169284441803349 -1.415972334893381 1 1.299541866389844 1
-9.006573599533874 -8.785176433907685 1 1.299541866389844 1
-10.21060412382495 5.801793998305402 1 1.299541866389844 1
9.059886695007041 -0.3605119492054207 1 1.299541866389844 1
-4.608573040157405 -2.20454908530447 1 1.299541866389844 1
0.609638325944677 -9.910460346978496 1 1.299541866389844 1
-4.016734162779629 6.477416280577549 1 1.299541866389844 1
5.855655054769289 3.767265550625881 1 1.299541866389844 1
-8.714350265414991 -2.595529425844044 1 1.299541866389844 1
-0.429877460783646 0.8133275365663863 1 1.299541866389844 1
-3.517992192422631 5.277517308797084 1 1.299541866389844 1
-0.8304849479376961 4.85771020349281 1 1.299541866389844 1
-11.53960033169695 -7.528988282905942 1 1.299541866389844 1
3.230871285943621 7.874640258986527 1 1.299541866389844 1
0.6620299077260646 8.66599778801046 1 1.299541866389844 1
8.978093731170095 -9.162143487752214 1 1.299541866389844 1
0.3899690387383894 -1.648751672187875 1 1.299541866389844 1
-3.365337647973024 -10.80302874655679 1 1.299541866389844 1
-6.487057687386057 7.090181718479482 1 1.299541866389844 1
-1.315885144113882 8.647730494751238 1 1.299541866389844 1
-9.264454499919205 2.964520471170054 1 1.299541866389844 1
-0.2718180932465787 3.461303369007182 1 1.299541866389844 1
7.371540672927461 -5.88817377250915 1 1.299541866389844 1
5.580533029691713 2.497212898141597 1 1.299541866389844 1
6.912368665807587 -8.498125143788766 1 1.299541866389844 1
-3.669815275582235 0.7929027798879819 1 1.299541866389844 1
-7.584516022845059 6.300757780216443 1 1.299541866389844 1
-6.707134756633728 -3.803270225191819 1 1.299541866389844 1
-4.120287790937997 7.772717093409561 1 1.299541866389844 1
0.9162704535110554 9.940406314010266 1 1.299541866389844 1
-7.643100570499095 -10.94375264284613 1 1.299541866389844 1
-8.110051147679179 3.561274405832034 1 1.299541866389844 1
0.697621226814152 -4.365158402889686 1 1.299541866389844 1
-7.090004674482537 2.756108888288636 1 1.299541866389844 1
3.643386767663103 -6.802819421672249 1 1.299541866389844 1
0.04870177975715227 -0.3948767632337764 1 1.299541866389844 1
-4.828496788242298 -10.29227484644508 1 1.299541866389844 1
-10.59360352965087 7.043603697800886 1 1.299541866389844 1
-10.56031293323769 2.736995438436236 1 1.299541866389844 1
4.836940037969138 -4.213682458001328 1 1.299541866389844 1
-10.21268471666991 -9.268913218820941 1 1.299541866389844 1
2.186711252824597 7.101079150483164 1 1.299541866389844 1
-5.217619540116672 3.419567583243248 1 1.299541866389844 1
-7.683798510962958 7.596479649891742 1 1.299541866389844 1
-4.487856460027409 10.76129247018114 1 1.299541866389844 1
-5.173046318633827 -3.375061953784324 1 1.299541866389844 1
5.450472550544891 -8.785063841694296 1 1.299541866389844 1
9.484472136462225 4.214782469101133 1 1.299541866389844 1
0.8557185789499698 0.6236341478640899 1 1.299541866389844 1
-0.3347113411340957 9.499793045806161 1 1.299541866389844 1
3.039163314535458 6.108222342443992 1 1.299541866389844 1
-5.574007495692336 -1.334686155021209 1 1.299541866389844 1
10.77651518791524 -3.438452336346161 1 1.299541866389844 1
9.293071886473298 8.940437812740726 1 1.299541866389844 1
3.433365074440287 -10.94103938674155 1 1.299541866389844 1
-9.920669917689523 0.4632335702991828 1 1.299541866389844 1
-3.777939240041228 -3.234413758706236 1 1.299541866389844 1
3.478361482994875 4.737792398996209 1 1.299541866389844 1
-6.38768532277211 5.79451645034887 1 1.299541866389844 1
4.522224043477078 -2.952860965828166 1 1.299541866389844 1
3.354432514350361 2.217992551180236 1 1.299541866389844 1
-10.3185352890085 -7.973724841706523 1 1.299541866389844 1
1.35601380983842 -10.97567089477928 1 1.299541866389844 1
-5.418491261414543 7.829623711508842 1 1.299541866389844 1
-10.92872276329668 -4.796634541854847 1 1.299541866389844 1
-3.990730791824086 3.848077751408275 1 1.299541866389844 1
-2.682553250579848 1.6379199906679 1 1.299541866389844 1
0.2454689294846586 -8.555198627967522 1 1.299541866389844 1
-11.13311532805065 0.9307126185647914 1 1.299541866389844 1
-0.9268017110703923 -1.710842144348065 1 1.299541866389844 1
-0.4120006505326784 -5.187976212262551 1 1.299541866389844 1
-7.710623361145594 -6.857749065799876 1 1.299541866389844 1
-2.894514770680469 7.148884494130434 1 1.299541866389844 1
6.527025579908647 4.879904937767187 1 1.299541866389844 1
-3.323846436099657 -2.009128863906994 1 1.299541866389844 1
-0.3191515269964409 7.813995604664127 1 1.299541866389844 1
-8.698515724876399 0.9417485559607508 1 1.299541866389844 1
9.753122644529817 -1.676779969430712 1 1.299541866389844 1
-3.312968630227167 10.20608345914778 1 1.299541866389844 1
-1.142118939759397 -8.05121463170029 1 1.299541866389844 1
0.7984606621151197 -5.660685900226023 1 1.299541866389844 1
-8.244416107323122 2.159357839991289 1 1.299541866389844 1
4.41696397778945 -7.99731776237675 1 1.299541866389844 1
-2.23676152045952 -1.297097869557126 1 1.299541866389844 1
-7.60484868882961 -0.2454763428851665 1 1.299541866389844 1
7.535621333734921 5.699283944276633 1 1.299541866389844 1
7.780390734441968 -11.30258514943276 1 1.299541866389844 1
1.336319238144342 -7.848935012001851 1 1.299541866389844 1
9.912522054261117 0.6204324469583182 1 1.299541866389844 1
-4.097983517095722 2.292401402028879 1.4 1.299541866389844 1
3.40273246468653 -5.212977133591891 1.4 1.299541866389844 1
8.498369153888266 -4.810267716755995 1.4 1.299541866389844 1
-2.056796418542236 5.831706326047041 1.4 1.299541866389844 1
-10.15685110422338 4.243332311101937 1.4 1.299541866389844 1
-6.02094874156286 10.47609521590708 1.4 1.299541866389844 1
9.429777983426469 -10.65473632299025 1.4 1.299541866389844 1
6.38376969214344 -1.849373408609683 1.4 1.299541866389844 1
3.913056148709032 -0.4313470960500392 1.4 1.299541866389844 1
9.243983446832011 -3.150740909466267 1.4 1.299541866389844 1
-1.235901374076001 2.235584459103639 1.4 1.299541866389844 1
7.925250687990173 4.189462796692577 1.4 1.299541866389844 1
0.02048537798818043 -7.012067832497853 1.4 1.299541866389844 1
-6.660240212040534 8.772878848541158 1.4 1.299541866389844 1
7.434120165824454 -3.334705944398598 1.4 1.299541866389844 1
5.586147450798852 9.502417501101917 1.4 1.299541866389844 1
11.45928467001337 -10.77886921113528 1.4 1.299541866389844 1
2.179260066719263 9.025923879173947 1.4 1.299541866389844 1
-6.159675124526285 -7.020005879703396 1.4 1.299541866389844 1
-2.873979078396632 8.709765925876527 1.4 1.299541866389844 1
-7.016169267248643 1.198495004194285 1.4 1.299541866389844 1
8.612369575238718 1.481448569048364 1.4 1.299541866389844 1
4.987766894423313 5.129532730729549 1.4 1.299541866389844 1
2.114254650542059 -6.497431270602204 1.4 1.299541866389844 1
4.33260984444909 3.432371262667753 1.4 1.299541866389844 1
-8.532347412118414 5.062445319981328 1.4 1.299541866389844 1
5.711790588746787 -0.1588756400852705 1.4 1.299541866389844 1
4.602271233196997 1.282832610500021 1.4 1.299541866389844 1
-8.241557237854808 -4.081480528861211 1.4 1.299541866389844 1
8.709837944297611 -6.68844238946157 1.4 1.299541866389844 1
12.33389432879251 -3.51496220010983 1.4 1.299541866389844 1
4.070391730867161 -9.517698198886775 1.4 1.299541866389844 1
7.521703773882543 0.02537817012804812 1.4 1.299541866389844 1
-6.368263347507114 -10.04571344092979 1.4 1.299541866389844 1
-10.13627006042752 -6.425010422870115 1.4 1.299541866389844 1
7.405446664520688 9.491357114971303 1.4 1.299541866389844 1
10.53666085639623 -9.210830851742326 1.4 1.299541866389844 1
3.800577220682177 9.851019322892144 1.4 1.299541866389844 1
10.63007976150295 5.272816657274583 1.4 1.299541866389844 1
-6.721658250630357 4.271339998104762 1.4 1.299541866389844 1
-2.003512961449868 -2.83889766014256 1.4 1.299541866389844 1
-9.047546205780424 6.840458948361926 1.4 1.299541866389844 1
3.210554385251046 -2.109516675838387 1.4 1.299541866389844 1
-4.707285988064176 9.21741912193893 1.4 1.299541866389844 1
6.193070337371133 6.492305648564716 1.4 1.299541866389844 1
-5.050954237404381 4.991558921889262 1.4 1.299541866389844 1
-9.877876725154712 -1.557289599983368 1.4 1.299541866389844 1
-0.1779598274566871 11.05127771816236 1.4 1.299541866389844 1
7.139097608384837 2.548842395394832 1.4 1.299541866389844 1
10.35243171382426 10.0848273365888 1.4 1.299541866389844 1
-0.2018580520123245 -3.091453912646406 1.4 1.299541866389844 1
2.865538027717272 -8.154393770124811 1.4 1.299541866389844 1
-9.082019996363881 -10.34275394103968 1.4 1.299541866389844 1
-10.17382403267783 9.713870852593571 1.4 1.299541866389844 1
1.895164292922107 -3.366342228339594 1.4 1.299541866389844 1
8.193736667335449 -1.665228950134557 1.4 1.299541866389844 1
10.83244780201428 8.329984638898583 1.4 1.299541866389844 1
-1.754828888369595 10.14409007717828 1.4 1.299541866389844 1
-6.988883988779195 -5.400738023469639 1.4 1.299541866389844 1
9.031140805633234 6.140586321368589 1.4 1.299541866389844 1
-2.818435492072374 -4.465363895903337 1.4 1.299541866389844 1
-0.9173699964275128 -9.594238253556531 1.4 1.299541866389844 1
4.995172685579511 -11.08446676887592 1.4 1.299541866389844 1
-5.086651869746722 -8.7544158192397 1.4 1.299541866389844 1
2.097141195577624 -0.320112894930791 1.4 1.299541866389844 1
10.88201737103375 -0.6009809936695927 1.4 1.299541866389844 1
1.844271898029724 1.829577407652102 1.4 1.299541866389844 1
4.410300258119743 6.85468063070018 1.4 1.299541866389844 1
6.445293516687095 -9.985889052078321 1.4 1.299541866389844 1
10.39926520395375 -6.013761951450945 1.4 1.299541866389844 1
-8.549996027766371 8.893095766707159 1.4 1.299541866389844 1
-2.688961734111317 -7.854161687337396 1.4 1.299541866389844 1
-0.155380957139391 6.263314463135893 1.4 1.299541866389844 1
-4.341985650779828 -7.094609587986075 1.4 1.299541866389844 1
10.28025978151076 2.208111393095349 1.4 1.299541866389844 1
-5.227478587564186 0.8662191433877264 1.4 1.299541866389844 1
6.298940078878775 -4.756279265238906 1.4 1.299541866389844 1
2.492532428345995 3.529503783844396 1.4 1.299541866389844 1
0.7172373624624707 4.666959959135601 1.4 1.299541866389844 1
-4.154481707155697 -0.6893107230037726 1.4 1.299541866389844 1
