1	17	7.0019e-06	0.92288	-0.38508
1	32	2.6674e-05	0.03444	-0.99941
1	40	3.6689e-05	0.25878	0.96594
1	244	1.7938e-05	-0.94071	-0.33922
2	23	5.8696e-05	0.65108	-0.75901
2	26	1.9759e-05	0.21041	0.97761
2	40	4.9318e-05	-0.8592	0.51165
3	15	6.2894e-06	0.44656	-0.89475
3	29	5.1642e-06	0.99945	0.033102
3	34	2.4446e-05	-0.62732	-0.77876
4	22	3.1314e-06	0.78222	-0.623
4	30	3.4508e-06	0.89229	0.45146
4	35	5.5425e-06	-0.99748	0.070899
5	22	1.048e-06	-0.98257	-0.18589
5	24	2.5167e-05	0.58828	0.80866
5	30	2.6515e-05	-0.5784	0.81575
5	131	4.1816e-05	0.037327	-0.9993
6	8	1.557e-05	0.77219	-0.63539
6	36	2.0811e-06	-0.25583	-0.96672
6	37	4.9264e-05	0.89933	0.43727
6	223	5.6621e-05	-0.98541	-0.1702
7	10	1.8309e-05	-0.99871	-0.050737
7	11	3.5636e-05	0.93139	-0.36403
7	24	2.5509e-05	0.023202	-0.99973
7	33	4.2341e-05	-0.36601	0.93061
8	12	2.942e-05	0.9139	-0.40594
8	18	4.2493e-07	0.10538	-0.99443
8	36	1.986e-05	-0.89934	-0.43725
8	37	1.154e-05	0.25578	0.96673
9	10	2.0577e-05	0.61586	-0.78786
9	12	2.1586e-05	-0.40164	-0.9158
9	21	3.0882e-05	0.14225	0.98983
9	37	9.9892e-06	-0.84048	0.54185
10	30	1.8036e-05	-0.3112	-0.95035
11	14	2.5456e-05	0.90892	0.41698
11	31	2.564e-05	0.3921	-0.91992
12	18	1.6533e-06	-0.80849	-0.58851
12	30	3.6431e-05	0.53673	-0.84375
13	15	1.8954e-05	0.21171	0.97733
13	20	2.3757e-05	-0.51664	-0.8562
13	28	8.4582e-06	0.97667	0.21475
14	25	7.1848e-05	0.67442	-0.73835
14	39	6.7864e-05	-0.75639	0.65412
15	28	6.804e-06	0.80024	-0.59968
15	29	2.2338e-05	0.62733	0.77875
15	34	1.2644e-05	-0.99945	-0.033108
16	25	6.1199e-05	-0.80997	0.58647
17	23	9.5506e-06	0.99987	0.016237
17	32	4.2026e-06	-0.73463	-0.67847
18	35	1.9017e-06	-0.67932	-0.73384
19	28	4.4631e-05	-0.6273	-0.77878
19	29	3.421e-05	-0.80022	0.5997
19	38	5.7175e-05	0.96848	0.24909
20	21	3.6843e-05	-0.77615	-0.63054
20	23	1.8623e-05	-0.89664	0.44276
20	27	3.3451e-05	0.9871	-0.16008
21	23	6.7786e-05	-0.24988	0.96828
21	33	7.3632e-05	0.86101	-0.50858
21	37	7.3674e-05	-0.95911	-0.28302
22	30	2.5388e-05	0.24044	0.97066
22	68	2.7196e-05	-0.17226	-0.98505
23	34	3.2696e-05	0.43213	0.90181
24	30	7.788e-06	-0.99998	0.0060794
24	31	2.3371e-05	0.98147	-0.19162
24	126	7.6023e-07	0.32483	-0.94577
25	31	5.0977e-05	-0.89123	-0.45355
26	34	1.7095e-05	0.8098	-0.58671
26	40	1.4045e-05	-0.91677	-0.39942
27	28	3.9684e-05	0.36013	0.9329
27	33	1.323e-05	-0.6625	-0.74906
27	39	3.8423e-05	0.31742	-0.94828
31	126	2.9597e-05	-0.65664	-0.75421
32	37	3.6183e-05	0.87891	-0.477
32	205	3.6111e-05	-0.9407	-0.33923
33	39	3.9935e-05	0.97996	-0.19919
35	36	1.4731e-05	-0.26385	0.96457
35	97	7.473e-06	0.50714	-0.86186
35	445	1.1051e-05	-0.60839	-0.79364
36	197	2.1639e-05	-0.9939	0.11025
36	223	1.3671e-06	-0.56529	0.8249
40	236	6.9747e-05	-0.57347	0.81922
42	57	3.146e-05	-0.79535	0.60615
42	59	4.6272e-05	0.0070783	-0.99997
42	60	5.5611e-05	-0.9226	-0.38577
42	78	5.4356e-05	0.99999	-0.004773
42	91	5.3489e-05	0.40468	0.91446
43	84	4.3607e-05	-0.57718	-0.81662
43	96	2.9859e-05	0.97996	0.19921
43	100	1.1118e-05	0.50179	-0.86499
43	132	4.0452e-05	-0.23906	0.97101
44	82	7.0019e-06	0.92288	-0.38508
44	116	2.6674e-05	0.03444	-0.99941
44	133	3.6689e-05	0.25878	0.96594
44	433	1.7938e-05	-0.94071	-0.33922
45	101	5.8696e-05	0.65108	-0.75901
45	105	1.9759e-05	0.21041	0.97761
45	133	4.9318e-05	-0.8592	0.51165
46	84	2.8858e-05	0.16432	0.98641
46	128	2.5809e-05	0.069274	-0.9976
46	475	7.0729e-06	-0.9232	-0.38433
47	74	6.2894e-06	0.44656	-0.89475
47	109	2.5578e-05	0.28797	0.95764
47	110	5.1642e-06	0.99945	0.033102
47	119	2.4446e-05	-0.62732	-0.77876
48	93	3.1314e-06	0.78222	-0.623
48	113	3.4508e-06	0.89229	0.45146
48	120	5.5425e-06	-0.99748	0.070899
49	117	1.7852e-05	-0.98287	0.1843
49	122	6.4752e-06	-0.13935	0.99024
49	127	7.2232e-06	-0.26887	-0.96318
50	86	1.5282e-05	0.9665	-0.25666
50	98	1.8719e-05	-0.38833	-0.92152
50	134	2.2462e-05	-0.33393	0.9426
51	93	1.048e-06	-0.98257	-0.18589
51	103	2.5167e-05	0.58828	0.80866
51	113	2.6515e-05	-0.5784	0.81575
51	178	4.1816e-05	0.037327	-0.9993
52	61	1.557e-05	0.77219	-0.63539
52	124	2.0811e-06	-0.25583	-0.96672
52	125	4.9264e-05	0.89933	0.43727
52	383	5.6621e-05	-0.98541	-0.1702
53	70	3.5596e-06	-0.93253	-0.36109
53	72	5.2436e-06	0.4448	0.89563
53	111	1.2976e-05	0.5427	-0.83993
53	114	9.6299e-06	-0.62878	0.77759
54	86	1.4212e-05	0.23871	0.97109
54	98	1.4627e-05	-0.99482	0.10162
54	99	1.8927e-05	0.58957	-0.80772
55	72	3.6631e-05	-0.62639	0.77951
55	75	3.8951e-05	0.96327	0.26853
55	111	4.1647e-05	-0.34997	-0.93676
56	63	1.8309e-05	-0.99871	-0.050737
56	65	3.5636e-05	0.93139	-0.36403
56	103	2.5509e-05	0.023202	-0.99973
56	118	4.2341e-05	-0.36601	0.93061
57	60	1.2931e-05	-0.12721	-0.99188
57	75	3.6497e-05	-0.72028	0.69368
57	81	7.194e-06	0.40469	0.91446
58	86	4.1372e-06	-0.84209	-0.53933
58	95	4.9622e-06	0.016135	0.99987
58	117	2.1699e-06	0.13937	-0.99024
58	122	3.1555e-06	0.98287	-0.1843
59	80	1.9045e-05	0.0744	-0.99723
59	95	3.645e-05	0.98174	-0.19021
59	134	4.2114e-05	-0.87557	-0.48309
60	73	5.4149e-05	-0.94644	-0.32288
60	134	1.6881e-05	-0.10084	-0.9949
61	66	2.942e-05	0.9139	-0.40594
61	85	4.2493e-07	0.10538	-0.99443
61	124	1.986e-05	-0.89934	-0.43725
61	125	1.154e-05	0.25578	0.96673
62	63	2.0577e-05	0.61586	-0.78786
62	66	2.1586e-05	-0.40164	-0.9158
62	92	3.0882e-05	0.14225	0.98983
62	125	9.9892e-06	-0.84048	0.54185
63	113	1.8036e-05	-0.3112	-0.95035
64	99	3.8939e-05	-0.52652	0.85016
64	110	1.8193e-05	-0.96847	-0.24912
64	129	4.764e-05	0.80018	-0.59975
65	71	2.5456e-05	0.90892	0.41698
65	115	2.564e-05	0.3921	-0.91992
66	85	1.6533e-06	-0.80849	-0.58851
66	113	3.6431e-05	0.53673	-0.84375
67	77	2.1257e-05	0.90223	-0.43126
67	90	1.5475e-05	0.82463	0.56568
67	95	3.2406e-05	-0.98287	0.18431
67	122	5.56e-06	-0.016089	-0.99987
68	72	4.1546e-05	-0.74942	-0.66209
68	97	3.4883e-06	-0.91413	0.40542
68	131	2.9647e-05	0.99972	-0.023487
69	74	1.8954e-05	0.21171	0.97733
69	88	2.3757e-05	-0.51664	-0.8562
69	108	8.4582e-06	0.97667	0.21475
70	132	2.8168e-06	0.23644	-0.97165
70	404	4.2415e-06	-0.93962	0.34223
71	104	7.1848e-05	0.67442	-0.73835
71	130	6.7864e-05	-0.75639	0.65412
72	97	4.3527e-06	-0.28965	0.95713
72	114	5.0512e-05	-0.99951	0.031223
73	96	3.4433e-05	-0.72262	-0.69125
73	111	5.4797e-05	-0.85826	0.51322
73	134	3.004e-05	0.68784	-0.72586
74	108	6.804e-06	0.80024	-0.59968
74	110	2.2338e-05	0.62733	0.77875
74	119	1.2644e-05	-0.99945	-0.033108
75	131	3.7498e-05	0.29953	0.95409
76	104	6.1199e-05	-0.80997	0.58647
77	90	5.6724e-05	-0.077602	0.99698
77	122	1.8709e-05	-0.76795	-0.64051
78	107	4.9851e-05	0.98063	-0.19585
78	121	1.0965e-05	0.49881	0.86671
79	83	3.8383e-05	-0.62103	-0.78379
80	86	2.0976e-05	0.24218	-0.97023
80	134	3.9072e-06	-0.93752	0.34794
81	91	2.8526e-05	0.79532	-0.60619
81	131	3.0998e-05	-0.63796	0.77007
82	101	9.5506e-06	0.99987	0.016237
82	116	4.2026e-06	-0.73463	-0.67847
83	127	1.2717e-05	-0.79608	0.60519
83	129	4.5914e-05	-0.63396	-0.77337
84	100	5.9813e-05	0.98283	-0.18451
84	459	7.9308e-05	-0.9988	0.049068
85	120	1.9017e-06	-0.67932	-0.73384
86	117	2.349e-05	0.84114	-0.54082
87	108	4.4631e-05	-0.6273	-0.77878
87	110	3.421e-05	-0.80022	0.5997
87	129	5.7175e-05	0.96848	0.24909
88	92	3.6843e-05	-0.77615	-0.63054
88	101	1.8623e-05	-0.89664	0.44276
88	106	3.3451e-05	0.9871	-0.16008
89	100	1.3379e-05	0.32649	0.9452
89	123	8.8333e-06	0.99997	-0.0074072
89	128	1.8235e-05	-0.72393	-0.68988
90	107	5.6486e-05	-0.84383	0.53661
91	121	3.8196e-05	0.99491	0.10073
92	101	6.7786e-05	-0.24988	0.96828
92	118	7.3632e-05	0.86101	-0.50858
92	125	7.3674e-05	-0.95911	-0.28302
93	113	2.5388e-05	0.24044	0.97066
93	148	2.7196e-05	-0.17226	-0.98505
94	105	1.8434e-05	0.83375	-0.55214
94	128	1.491e-05	-0.6217	0.78325
94	410	6.2817e-06	-0.97108	-0.23876
95	107	5.667e-06	0.70821	0.706
96	100	7.9593e-06	-0.40983	-0.91216
96	102	1.3061e-05	0.58497	-0.81105
97	114	1.0842e-06	-0.60839	-0.79364
98	102	5.1221e-05	-0.57737	0.81648
98	109	6.0375e-05	0.36939	-0.92927
98	123	1.4624e-05	-0.99486	-0.10122
99	109	3.1508e-05	-0.98872	-0.14977
99	117	2.5232e-05	0.38614	0.92244
99	127	1.2089e-05	0.99813	-0.061141
100	102	5.1274e-05	0.99487	0.10112
100	123	2.5048e-05	0.57729	-0.81654
101	119	3.2696e-05	0.43213	0.90181
102	134	4.6598e-05	0.624	0.78143
103	113	7.788e-06	-0.99998	0.0060794
103	115	2.3371e-05	0.98147	-0.19162
103	176	7.6023e-07	0.32483	-0.94577
104	115	5.0977e-05	-0.89123	-0.45355
105	112	3.0958e-05	0.59951	0.80037
105	119	1.7095e-05	0.8098	-0.58671
105	133	1.4045e-05	-0.91677	-0.39942
106	108	3.9684e-05	0.36013	0.9329
106	118	1.323e-05	-0.6625	-0.74906
106	130	3.8423e-05	0.31742	-0.94828
107	121	9.492e-06	-0.41295	0.91076
109	110	4.2335e-05	0.60989	-0.79249
109	112	2.7446e-05	-0.99486	-0.10128
111	132	5.8753e-05	-0.92868	-0.37087
112	123	2.3673e-05	-0.36939	0.92927
114	386	5.3586e-05	-0.99931	0.037249
114	445	7.2038e-06	-0.50712	0.86187
115	176	2.9597e-05	-0.65664	-0.75421
116	125	3.6183e-05	0.87891	-0.477
116	349	3.6111e-05	-0.9407	-0.33923
117	122	1.6954e-05	0.72302	0.69083
118	130	3.9935e-05	0.97996	-0.19919
120	124	1.4731e-05	-0.26385	0.96457
120	165	7.473e-06	0.50714	-0.86186
120	583	1.1051e-05	-0.60839	-0.79364
124	322	2.1639e-05	-0.9939	0.11025
124	383	1.3671e-06	-0.56529	0.8249
126	131	2.8424e-05	-0.79709	-0.60386
128	410	3.5905e-05	-0.18754	-0.98226
128	475	1.6397e-05	-0.8507	0.52565
132	463	6.5256e-05	-0.97411	0.22607
133	384	6.1201e-06	-0.94073	-0.33915
133	410	6.9747e-05	-0.57347	0.81922
136	143	3.146e-05	-0.79535	0.60615
136	145	4.6272e-05	0.0070783	-0.99997
136	146	5.5611e-05	-0.9226	-0.38577
136	155	5.4356e-05	0.99999	-0.004773
136	162	5.3489e-05	0.40468	0.91446
137	158	4.3607e-05	-0.57718	-0.81662
137	164	2.9859e-05	0.97996	0.19921
137	167	1.1118e-05	0.50179	-0.86499
137	179	4.0452e-05	-0.23906	0.97101
138	158	2.8858e-05	0.16432	0.98641
138	177	2.5809e-05	0.069274	-0.9976
138	595	7.0729e-06	-0.9232	-0.38433
139	151	2.0575e-05	0.99106	-0.13341
139	172	1.7852e-05	-0.98287	0.1843
139	174	6.4752e-06	-0.13935	0.99024
140	159	1.5282e-05	0.9665	-0.25666
140	166	1.8719e-05	-0.38833	-0.92152
140	180	2.2462e-05	-0.33393	0.9426
141	149	3.5596e-06	-0.93253	-0.36109
141	150	5.2436e-06	0.4448	0.89563
141	170	1.2976e-05	0.5427	-0.83993
141	171	9.6299e-06	-0.62878	0.77759
142	150	3.6631e-05	-0.62639	0.77951
142	153	3.8951e-05	0.96327	0.26853
142	170	4.1647e-05	-0.34997	-0.93676
143	146	1.2931e-05	-0.12721	-0.99188
143	153	3.6497e-05	-0.72028	0.69368
143	157	7.194e-06	0.40469	0.91446
144	159	4.1372e-06	-0.84209	-0.53933
144	163	4.9622e-06	0.016135	0.99987
144	172	2.1699e-06	0.13937	-0.99024
144	174	3.1555e-06	0.98287	-0.1843
145	156	1.9045e-05	0.0744	-0.99723
145	163	3.645e-05	0.98174	-0.19021
145	180	4.2114e-05	-0.87557	-0.48309
146	152	5.4149e-05	-0.94644	-0.32288
146	180	1.6881e-05	-0.10084	-0.9949
147	154	2.1257e-05	0.90223	-0.43126
147	161	1.5475e-05	0.82463	0.56568
147	163	3.2406e-05	-0.98287	0.18431
147	174	5.56e-06	-0.016089	-0.99987
148	150	4.1546e-05	-0.74942	-0.66209
148	165	3.4883e-06	-0.91413	0.40542
148	178	2.9647e-05	0.99972	-0.023487
149	179	2.8168e-06	0.23644	-0.97165
149	565	4.2415e-06	-0.93962	0.34223
150	165	4.3527e-06	-0.28965	0.95713
150	171	5.0512e-05	-0.99951	0.031223
152	164	3.4433e-05	-0.72262	-0.69125
152	170	5.4797e-05	-0.85826	0.51322
152	180	3.004e-05	0.68784	-0.72586
153	178	3.7498e-05	0.29953	0.95409
154	161	5.6724e-05	-0.077602	0.99698
154	174	1.8709e-05	-0.76795	-0.64051
155	169	4.9851e-05	0.98063	-0.19585
155	173	1.0965e-05	0.49881	0.86671
156	159	2.0976e-05	0.24218	-0.97023
156	180	3.9072e-06	-0.93752	0.34794
157	162	2.8526e-05	0.79532	-0.60619
157	178	3.0998e-05	-0.63796	0.77007
158	167	5.9813e-05	0.98283	-0.18451
158	588	7.9308e-05	-0.9988	0.049068
159	172	2.349e-05	0.84114	-0.54082
160	167	1.3379e-05	0.32649	0.9452
160	175	8.8333e-06	0.99997	-0.0074072
160	177	1.8235e-05	-0.72393	-0.68988
161	169	5.6486e-05	-0.84383	0.53661
162	173	3.8196e-05	0.99491	0.10073
163	169	5.667e-06	0.70821	0.706
164	167	7.9593e-06	-0.40983	-0.91216
164	168	1.3061e-05	0.58497	-0.81105
165	171	1.0842e-06	-0.60839	-0.79364
166	168	5.1221e-05	-0.57737	0.81648
166	175	1.4624e-05	-0.99486	-0.10122
167	168	5.1274e-05	0.99487	0.10112
167	175	2.5048e-05	0.57729	-0.81654
168	180	4.6598e-05	0.624	0.78143
169	173	9.492e-06	-0.41295	0.91076
170	179	5.8753e-05	-0.92868	-0.37087
171	558	5.3586e-05	-0.99931	0.037249
171	583	7.2038e-06	-0.50712	0.86187
172	174	1.6954e-05	0.72302	0.69083
176	178	2.8424e-05	-0.79709	-0.60386
177	595	1.6397e-05	-0.8507	0.52565
179	591	6.5256e-05	-0.97411	0.22607
181	227	7.0019e-06	0.92288	-0.38508
181	260	2.6674e-05	0.03444	-0.99941
181	276	3.6689e-05	0.25878	0.96594
181	641	1.7938e-05	-0.94071	-0.33922
182	196	2.821e-06	0.95934	-0.28226
182	245	8.9774e-06	-0.96542	-0.26068
182	248	1.6409e-05	-0.55548	0.83153
182	274	1.9505e-05	0.65636	0.75444
182	376	2.5326e-05	0.089759	-0.99596
183	247	5.8696e-05	0.65108	-0.75901
183	253	1.9759e-05	0.21041	0.97761
183	276	4.9318e-05	-0.8592	0.51165
184	216	6.2894e-06	0.44656	-0.89475
184	257	5.1642e-06	0.99945	0.033102
184	267	2.4446e-05	-0.62732	-0.77876
185	186	2.7419e-05	-0.092095	0.99575
185	193	7.3204e-05	-0.93396	0.35739
185	208	7.6187e-05	0.59202	-0.80592
185	234	2.6984e-05	0.95577	0.29412
186	235	2.5525e-05	0.041182	0.99915
186	246	4.0032e-06	-0.89336	0.44935
187	190	5.6451e-06	-0.63908	0.76914
187	224	2.7098e-05	-0.61129	-0.79141
187	275	1.1375e-05	0.9925	-0.12227
187	279	2.0516e-05	0.43293	0.90143
188	242	3.1314e-06	0.78222	-0.623
188	258	3.4508e-06	0.89229	0.45146
188	268	5.5425e-06	-0.99748	0.070899
189	211	1.0173e-05	0.19871	-0.98006
189	224	9.6955e-06	-0.97455	0.22417
189	275	1.0768e-05	0.68977	0.72403
190	230	1.0247e-05	-0.96613	0.25804
190	279	6.5176e-06	0.96549	0.26046
191	242	1.048e-06	-0.98257	-0.18589
191	249	2.5167e-05	0.58828	0.80866
191	258	2.6515e-05	-0.5784	0.81575
191	496	4.1816e-05	0.037327	-0.9993
192	198	1.557e-05	0.77219	-0.63539
192	269	2.0811e-06	-0.25583	-0.96672
192	271	4.9264e-05	0.89933	0.43727
192	629	5.6621e-05	-0.98541	-0.1702
193	209	5.5003e-05	-0.54225	-0.84022
193	215	2.6333e-05	-0.97214	0.23439
193	246	6.7458e-05	-0.19189	0.98142
194	201	1.8309e-05	-0.99871	-0.050737
194	202	3.5636e-05	0.93139	-0.36403
194	249	2.5509e-05	0.023202	-0.99973
194	264	4.2341e-05	-0.36601	0.93061
195	206	2.1836e-05	-0.99923	0.039263
195	212	2.0599e-05	0.90174	-0.43227
195	231	5.0182e-06	0.82526	0.56476
195	265	5.2893e-06	-0.16947	0.98553
196	274	4.4743e-05	-0.14311	0.98971
196	481	4.599e-05	0.19808	-0.98019
197	223	2.3821e-05	0.51432	0.8576
197	274	3.8278e-05	-0.88193	-0.47137
198	203	2.942e-05	0.9139	-0.40594
198	229	4.2493e-07	0.10538	-0.99443
198	269	1.986e-05	-0.89934	-0.43725
198	271	1.154e-05	0.25578	0.96673
199	201	2.0577e-05	0.61586	-0.78786
199	203	2.1586e-05	-0.40164	-0.9158
199	241	3.0882e-05	0.14225	0.98983
199	271	9.9892e-06	-0.84048	0.54185
200	215	2.5955e-05	0.96711	-0.25437
200	272	5.0794e-05	-0.5511	0.83444
200	278	3.3065e-06	-0.96675	-0.25571
200	279	3.5463e-05	0.17167	-0.98515
201	258	1.8036e-05	-0.3112	-0.95035
202	210	2.5456e-05	0.90892	0.41698
202	259	2.564e-05	0.3921	-0.91992
203	229	1.6533e-06	-0.80849	-0.58851
203	258	3.6431e-05	0.53673	-0.84375
204	250	4.7666e-06	0.14649	0.98921
204	398	4.3995e-06	-0.78925	-0.61407
204	405	3.4278e-06	0.80928	-0.58742
205	223	6.6497e-06	0.29472	-0.95558
205	244	2.5424e-05	-0.034471	0.99941
205	262	4.6997e-05	-0.74587	-0.66609
206	208	7.0165e-05	-0.38382	0.92341
206	219	6.4138e-05	0.079691	-0.99682
207	216	1.8954e-05	0.21171	0.97733
207	237	2.3757e-05	-0.51664	-0.8562
207	255	8.4582e-06	0.97667	0.21475
208	265	1.8487e-05	0.98304	0.18338
209	275	5.2254e-05	-0.43295	-0.90142
209	279	7.2572e-06	-0.99249	0.12232
210	224	3.2374e-05	0.80352	0.59528
210	250	7.1848e-05	0.67442	-0.73835
210	273	6.7864e-05	-0.75639	0.65412
211	220	1.2238e-05	-0.19564	-0.98068
211	228	2.3105e-05	0.76702	-0.64163
211	238	4.1997e-05	0.75506	0.65565
211	250	4.6266e-05	-0.973	-0.23082
212	225	6.4447e-05	0.92097	-0.38963
212	231	4.231e-05	-0.076471	0.99707
212	233	4.5656e-05	-0.82231	-0.56904
213	228	2.1972e-05	-0.75504	-0.65568
213	238	4.9506e-05	-0.76704	0.6416
213	251	5.0095e-05	0.99921	-0.039783
213	270	1.6011e-05	0.28148	-0.95957
214	221	1.064e-05	-0.88833	-0.45921
214	240	9.9964e-06	-0.78493	0.61958
214	244	2.0255e-05	0.57227	-0.82007
215	246	5.4888e-06	0.61823	0.786
215	279	6.1363e-06	-0.63424	-0.77314
216	255	6.804e-06	0.80024	-0.59968
216	257	2.2338e-05	0.62733	0.77875
216	267	1.2644e-05	-0.99945	-0.033108
217	235	1.5645e-05	-0.75972	-0.65026
217	243	8.0278e-06	0.27457	-0.96157
217	277	2.5679e-05	0.99889	-0.047016
218	225	1.296e-05	0.076399	-0.99708
218	231	2.8491e-05	-0.921	0.38957
218	256	1.0938e-05	0.60781	0.79408
218	262	1.9827e-05	0.9382	-0.34609
219	233	5.4326e-05	0.99904	-0.043793
219	251	7.1084e-05	-0.79929	-0.60095
219	263	2.0332e-05	0.37643	-0.92645
220	250	6.1199e-05	-0.80997	0.58647
220	266	6.7225e-05	0.70175	-0.71242
221	222	5.1817e-06	-0.78493	0.61958
221	256	4.852e-06	0.2708	-0.96264
221	261	7.524e-06	-0.89032	-0.45534
222	240	7.1748e-06	0.88833	0.45921
222	252	3.5911e-05	-0.04735	0.99888
222	261	3.7002e-05	-0.23622	-0.9717
223	262	4.272e-05	-0.99148	0.13028
225	248	3.9341e-05	-0.6564	-0.75441
225	262	6.724e-05	0.8746	0.48485
225	274	4.9253e-05	0.55549	-0.83152
226	239	4.3425e-05	-0.90413	0.42726
226	245	2.3156e-05	0.98313	0.18289
226	263	2.5158e-05	0.14072	0.99005
226	382	4.9425e-05	0.26214	-0.96503
227	247	9.5506e-06	0.99987	0.016237
227	260	4.2026e-06	-0.73463	-0.67847
228	266	2.7598e-05	-0.10052	-0.99493
228	270	4.2898e-06	0.91066	-0.41316
229	268	1.9017e-06	-0.67932	-0.73384
230	254	1.5804e-05	-0.96793	-0.25121
230	278	8.5365e-06	0.63217	0.77483
231	261	3.7e-05	0.21417	0.9768
231	265	3.8798e-05	-0.85723	0.51493
232	255	4.4631e-05	-0.6273	-0.77878
232	257	3.421e-05	-0.80022	0.5997
232	272	5.7175e-05	0.96848	0.24909
233	248	2.826e-05	0.79631	-0.60489
233	263	1.2658e-05	-0.45607	-0.88994
234	243	3.3357e-05	0.06878	0.99763
234	265	3.4558e-05	0.67991	-0.7333
235	243	1.2696e-05	0.90766	-0.4197
237	241	3.6843e-05	-0.77615	-0.63054
237	247	1.8623e-05	-0.89664	0.44276
237	254	3.3451e-05	0.9871	-0.16008
238	275	5.9628e-05	-0.10503	0.99447
239	251	2.73e-05	-0.28151	0.95956
239	270	3.1961e-05	-0.99921	0.039755
239	363	8.9202e-06	0.040299	-0.99919
240	252	4.9257e-06	-0.78762	0.61616
241	247	6.7786e-05	-0.24988	0.96828
241	264	7.3632e-05	0.86101	-0.50858
241	271	7.3674e-05	-0.95911	-0.28302
242	258	2.5388e-05	0.24044	0.97066
242	342	2.7196e-05	-0.17226	-0.98505
243	277	2.5806e-05	0.62085	0.78393
244	256	8.9167e-06	-0.89291	-0.45023
245	248	3.5386e-05	0.35141	0.93622
245	263	7.5075e-06	-0.72206	0.69183
245	462	3.7111e-05	0.19091	-0.98161
247	267	3.2696e-05	0.43213	0.90181
249	258	7.788e-06	-0.99998	0.0060794
249	259	2.3371e-05	0.98147	-0.19162
249	490	7.6023e-07	0.32483	-0.94577
250	259	5.0977e-05	-0.89123	-0.45355
251	270	2.3484e-05	-0.61516	-0.7884
252	277	2.0273e-05	-0.98318	0.18264
253	267	1.7095e-05	0.8098	-0.58671
253	276	1.4045e-05	-0.91677	-0.39942
254	255	3.9684e-05	0.36013	0.9329
254	264	1.323e-05	-0.6625	-0.74906
254	273	3.8423e-05	0.31742	-0.94828
259	398	2.9699e-05	0.23549	-0.97188
259	490	2.9597e-05	-0.65664	-0.75421
260	271	3.6183e-05	0.87891	-0.477
260	618	3.6111e-05	-0.9407	-0.33923
261	265	8.1835e-06	-0.91831	-0.39587
264	273	3.9935e-05	0.97996	-0.19919
266	270	4.6522e-05	0.86679	0.49867
266	351	3.6203e-05	-0.50508	-0.86307
266	405	7.127e-06	-0.98367	-0.17996
266	489	7.2262e-05	0.40647	-0.91367
268	269	1.4731e-05	-0.26385	0.96457
268	435	7.473e-06	0.50714	-0.86186
268	727	1.1051e-05	-0.60839	-0.79364
269	617	2.1639e-05	-0.9939	0.11025
269	629	1.3671e-06	-0.56529	0.8249
270	296	1.1426e-05	0.2062	-0.97851
272	278	6.1741e-06	-0.35632	-0.93437
275	279	2.1199e-05	-0.47965	0.87746
276	637	6.9747e-05	-0.57347	0.81922
280	317	3.146e-05	-0.79535	0.60615
280	320	4.6272e-05	0.0070783	-0.99997
280	327	5.5611e-05	-0.9226	-0.38577
280	380	5.4356e-05	0.99999	-0.004773
280	423	5.3489e-05	0.40468	0.91446
281	396	4.3607e-05	-0.57718	-0.81662
281	432	2.9859e-05	0.97996	0.19921
281	438	1.1118e-05	0.50179	-0.86499
281	497	4.0452e-05	-0.23906	0.97101
282	412	2.0798e-05	-0.66681	0.74523
282	469	1.1158e-05	0.46491	-0.88536
282	479	1.1426e-05	-0.69043	-0.7234
282	488	1.6779e-05	0.9875	0.15764
283	355	7.1928e-06	0.55118	0.83438
283	439	3.5472e-05	0.97623	-0.21672
283	494	3.863e-05	-0.99905	0.043644
284	392	7.0019e-06	0.92288	-0.38508
284	467	2.6674e-05	0.03444	-0.99941
284	502	3.6689e-05	0.25878	0.96594
284	724	1.7938e-05	-0.94071	-0.33922
285	318	2.821e-06	0.95934	-0.28226
285	434	8.9774e-06	-0.96542	-0.26068
285	442	1.6409e-05	-0.55548	0.83153
285	498	1.9505e-05	0.65636	0.75444
285	553	2.5326e-05	0.089759	-0.99596
286	440	5.8696e-05	0.65108	-0.75901
286	450	1.9759e-05	0.21041	0.97761
286	502	4.9318e-05	-0.8592	0.51165
287	396	2.8858e-05	0.16432	0.98641
287	493	2.5809e-05	0.069274	-0.9976
287	741	7.0729e-06	-0.9232	-0.38433
288	369	6.2894e-06	0.44656	-0.89475
288	455	2.5578e-05	0.28797	0.95764
288	456	5.1642e-06	0.99945	0.033102
288	477	2.4446e-05	-0.62732	-0.77876
289	291	2.7419e-05	-0.092095	0.99575
289	312	7.3204e-05	-0.93396	0.35739
289	356	7.6187e-05	0.59202	-0.80592
289	407	2.6984e-05	0.95577	0.29412
290	324	5.5743e-05	0.3683	-0.92971
290	381	3.133e-05	-0.99903	-0.044016
290	411	3.7237e-05	-0.24835	0.96867
290	424	2.6348e-05	0.7597	0.65027
291	408	2.5525e-05	0.041182	0.99915
291	439	4.0032e-06	-0.89336	0.44935
292	325	2.5374e-05	-0.77709	0.62939
292	457	2.0994e-05	-0.80768	-0.58962
292	459	5.2565e-05	0.3031	-0.95296
292	463	5.0917e-05	0.40736	0.91327
293	302	5.6451e-06	-0.63908	0.76914
293	387	2.7098e-05	-0.61129	-0.79141
293	500	1.1375e-05	0.9925	-0.12227
293	506	2.0516e-05	0.43293	0.90143
294	304	2.0294e-05	-0.10682	0.99428
294	412	1.5949e-05	-0.96705	-0.2546
294	488	2.3858e-05	0.7373	-0.67556
295	427	3.1314e-06	0.78222	-0.623
295	464	3.4508e-06	0.89229	0.45146
295	478	5.5425e-06	-0.99748	0.070899
296	326	9.4028e-06	0.29845	-0.95442
296	363	2.3526e-06	0.99186	0.12731
296	489	3.7455e-06	-0.74322	-0.66905
297	344	1.1196e-05	0.051907	-0.99865
297	462	1.1193e-05	-0.92273	0.38544
297	481	1.1923e-05	0.8175	0.57593
298	362	2.0575e-05	0.99106	-0.13341
298	471	1.7852e-05	-0.98287	0.1843
298	482	6.4752e-06	-0.13935	0.99024
298	492	7.2232e-06	-0.26887	-0.96318
299	360	1.0173e-05	0.19871	-0.98006
299	387	9.6955e-06	-0.97455	0.22417
299	500	1.0768e-05	0.68977	0.72403
300	347	5.0239e-05	-0.56291	0.82652
300	399	6.3504e-05	0.78489	-0.61964
300	417	7.5208e-06	-0.15563	-0.98782
300	425	2.6258e-05	-0.99724	-0.074237
300	475	9.244e-06	0.62659	0.77935
301	311	9.2783e-06	0.43436	0.90074
301	395	1.7773e-05	-0.56285	0.82656
301	425	2.7716e-05	0.99993	-0.011611
301	503	3.145e-05	-0.69128	-0.72259
302	400	1.0247e-05	-0.96613	0.25804
302	506	6.5176e-06	0.96549	0.26046
303	402	1.5282e-05	0.9665	-0.25666
303	436	1.8719e-05	-0.38833	-0.92152
303	504	2.2462e-05	-0.33393	0.9426
304	420	1.8094e-05	-0.29839	0.95444
304	499	4.3475e-06	0.74327	0.66899
305	427	1.048e-06	-0.98257	-0.18589
305	444	2.5167e-05	0.58828	0.80866
305	464	2.6515e-05	-0.5784	0.81575
305	607	4.1816e-05	0.037327	-0.9993
306	328	1.557e-05	0.77219	-0.63539
306	484	2.0811e-06	-0.25583	-0.96672
306	487	4.9264e-05	0.89933	0.43727
306	701	5.6621e-05	-0.98541	-0.1702
307	358	3.5596e-06	-0.93253	-0.36109
307	361	5.2436e-06	0.4448	0.89563
307	458	1.2976e-05	0.5427	-0.83993
307	465	9.6299e-06	-0.62878	0.77759
308	324	5.2852e-05	-0.75971	-0.65026
308	371	2.3228e-05	0.7345	-0.67861
308	424	3.7381e-05	-0.36828	0.92972
308	507	3.9937e-05	0.92291	0.385
309	402	1.4212e-05	0.23871	0.97109
309	436	1.4627e-05	-0.99482	0.10162
309	437	1.8927e-05	0.58957	-0.80772
310	361	3.6631e-05	-0.62639	0.77951
310	370	3.8951e-05	0.96327	0.26853
310	458	4.1647e-05	-0.34997	-0.93676
311	334	1.3891e-05	-0.56287	0.82655
311	347	4.6558e-05	0.99993	-0.011639
311	395	3.4802e-05	-0.99724	-0.074192
312	357	5.5003e-05	-0.54225	-0.84022
312	367	2.6333e-05	-0.97214	0.23439
312	439	6.7458e-05	-0.19189	0.98142
313	332	1.8309e-05	-0.99871	-0.050737
313	336	3.5636e-05	0.93139	-0.36403
313	444	2.5509e-05	0.023202	-0.99973
313	473	4.2341e-05	-0.36601	0.93061
314	334	2.7259e-05	-0.98662	-0.16304
314	354	3.1914e-05	0.99562	-0.093543
314	373	8.889e-06	-0.54899	0.83583
315	352	2.1836e-05	-0.99923	0.039263
315	364	2.0599e-05	0.90174	-0.43227
315	401	5.0182e-06	0.82526	0.56476
315	474	5.2893e-06	-0.16947	0.98553
316	341	1.1029e-05	0.35792	-0.93375
316	447	2.4912e-06	0.61612	0.78765
316	501	9.9772e-06	-0.54949	0.8355
317	327	1.2931e-05	-0.12721	-0.99188
317	370	3.6497e-05	-0.72028	0.69368
317	391	7.194e-06	0.40469	0.91446
318	498	4.4743e-05	-0.14311	0.98971
318	598	4.599e-05	0.19808	-0.98019
319	402	4.1372e-06	-0.84209	-0.53933
319	431	4.9622e-06	0.016135	0.99987
319	471	2.1699e-06	0.13937	-0.99024
319	482	3.1555e-06	0.98287	-0.1843
320	385	1.9045e-05	0.0744	-0.99723
320	431	3.645e-05	0.98174	-0.19021
320	504	4.2114e-05	-0.87557	-0.48309
321	323	2.8648e-05	0.3793	-0.92528
321	488	4.1478e-05	-0.6831	-0.73032
321	501	5.9425e-05	0.29395	0.95582
322	383	2.3821e-05	0.51432	0.8576
322	498	3.8278e-05	-0.88193	-0.47137
323	341	1.5181e-05	0.99074	0.1358
323	390	3.7562e-05	0.61296	-0.79012
323	488	2.7221e-05	-0.99917	0.040761
324	355	2.0499e-05	-0.99903	-0.044094
324	408	3.0441e-05	0.73447	-0.67864
324	439	6.8113e-05	-0.31567	-0.94887
325	413	2.2198e-05	-0.60069	0.79948
325	486	6.6263e-06	-0.96339	-0.2681
326	340	4.4157e-05	0.99186	0.1273
326	489	4.4286e-05	-0.99199	0.12631
326	499	2.0402e-05	0.14412	-0.98956
327	368	5.4149e-05	-0.94644	-0.32288
327	504	1.6881e-05	-0.10084	-0.9949
328	338	2.942e-05	0.9139	-0.40594
328	397	4.2493e-07	0.10538	-0.99443
328	484	1.986e-05	-0.89934	-0.43725
328	487	1.154e-05	0.25578	0.96673
329	332	2.0577e-05	0.61586	-0.78786
329	338	2.1586e-05	-0.40164	-0.9158
329	426	3.0882e-05	0.14225	0.98983
329	487	9.9892e-06	-0.84048	0.54185
330	367	2.5955e-05	0.96711	-0.25437
330	494	5.0794e-05	-0.5511	0.83444
330	505	3.3065e-06	-0.96675	-0.25571
330	506	3.5463e-05	0.17167	-0.98515
331	344	6.8017e-05	0.96063	-0.27783
331	447	3.6798e-05	-0.29929	-0.95416
331	462	4.7212e-05	-0.16553	0.98621
331	491	4.7104e-05	-0.98742	0.1581
332	464	1.8036e-05	-0.3112	-0.95035
333	346	1.5831e-05	-0.57384	0.81896
333	351	4.5092e-05	0.78981	0.61335
333	428	1.7287e-05	0.23059	-0.97305
333	480	3.87e-05	-0.78851	-0.61502
334	390	3.5757e-05	-0.74292	0.66938
334	395	1.876e-05	-0.43435	-0.90074
335	437	3.8939e-05	-0.52652	0.85016
335	456	1.8193e-05	-0.96847	-0.24912
335	494	4.764e-05	0.80018	-0.59975
336	359	2.5456e-05	0.90892	0.41698
336	466	2.564e-05	0.3921	-0.91992
337	366	1.6333e-05	-0.34944	-0.93696
337	384	6.1064e-06	0.64774	-0.76186
337	399	1.9213e-05	0.15553	0.98783
337	417	1.575e-06	-0.78493	0.61959
338	397	1.6533e-06	-0.80849	-0.58851
338	464	3.6431e-05	0.53673	-0.84375
339	378	2.1257e-05	0.90223	-0.43126
339	421	1.5475e-05	0.82463	0.56568
339	431	3.2406e-05	-0.98287	0.18431
339	482	5.56e-06	-0.016089	-0.99987
340	363	9.0246e-06	-0.2984	0.95444
340	382	2.3694e-05	0.82753	0.56142
340	491	3.1436e-05	0.85517	-0.51834
341	373	1.1207e-05	0.8027	-0.59638
341	390	1.1219e-05	-0.3778	-0.92589
341	486	1.675e-05	0.84961	0.52742
342	361	4.1546e-05	-0.74942	-0.66209
342	435	3.4883e-06	-0.91413	0.40542
342	496	2.9647e-05	0.99972	-0.023487
343	344	5.2575e-05	-0.86089	0.50879
343	348	1.5114e-05	0.010186	0.99995
343	463	6.154e-05	0.73298	-0.68025
344	348	2.6075e-05	0.87105	0.49119
344	413	1.6267e-05	-0.12622	-0.992
345	446	4.7666e-06	0.14649	0.98921
345	563	4.3995e-06	-0.78925	-0.61407
345	566	3.4278e-06	0.80928	-0.58742
346	398	1.6461e-05	-0.80929	0.58741
346	405	5.3678e-06	0.78926	0.61406
347	354	8.1424e-05	0.41947	0.90777
347	425	3.6561e-05	-0.43436	-0.90074
348	386	2.3639e-05	0.92813	0.37225
348	481	1.9144e-05	0.048382	0.99883
349	383	6.6497e-06	0.29472	-0.95558
349	433	2.5424e-05	-0.034471	0.99941
349	470	4.6997e-05	-0.74587	-0.66609
350	390	1.7908e-05	0.43437	0.90073
350	395	1.9105e-05	0.74292	-0.66938
350	415	2.2225e-05	-0.98863	-0.15038
351	489	1.7696e-05	0.97922	-0.20278
352	356	7.0165e-05	-0.38382	0.92341
352	374	6.4138e-05	0.079691	-0.99682
353	369	1.8954e-05	0.21171	0.97733
353	414	2.3757e-05	-0.51664	-0.8562
353	453	8.4582e-06	0.97667	0.21475
354	457	3.9702e-05	-0.3032	0.95293
354	459	7.8351e-05	0.80765	0.58966
354	475	1.9683e-05	0.74614	-0.66579
355	381	3.0399e-06	-0.36827	0.92972
355	393	1.5561e-05	-0.98929	0.14597
356	474	1.8487e-05	0.98304	0.18338
357	500	5.2254e-05	-0.43295	-0.90142
357	506	7.2572e-06	-0.99249	0.12232
358	497	2.8168e-06	0.23644	-0.97165
358	711	4.2415e-06	-0.93962	0.34223
359	387	3.2374e-05	0.80352	0.59528
359	446	7.1848e-05	0.67442	-0.73835
359	495	6.7864e-05	-0.75639	0.65412
360	375	1.2238e-05	-0.19564	-0.98068
360	394	2.3105e-05	0.76702	-0.64163
360	416	4.1997e-05	0.75506	0.65565
360	446	4.6266e-05	-0.973	-0.23082
361	435	4.3527e-06	-0.28965	0.95713
361	465	5.0512e-05	-0.99951	0.031223
362	381	3.2678e-05	0.26262	-0.9649
362	479	3.1114e-05	0.37953	0.92518
364	388	6.4447e-05	0.92097	-0.38963
364	401	4.231e-05	-0.076471	0.99707
364	406	4.5656e-05	-0.82231	-0.56904
365	394	2.1972e-05	-0.75504	-0.65568
365	416	4.9506e-05	-0.76704	0.6416
365	448	5.0095e-05	0.99921	-0.039783
365	485	1.6011e-05	0.28148	-0.95957
366	377	1.064e-05	-0.88833	-0.45921
366	422	9.9964e-06	-0.78493	0.61958
366	433	2.0255e-05	0.57227	-0.82007
367	439	5.4888e-06	0.61823	0.786
367	506	6.1363e-06	-0.63424	-0.77314
368	432	3.4433e-05	-0.72262	-0.69125
368	458	5.4797e-05	-0.85826	0.51322
368	504	3.004e-05	0.68784	-0.72586
369	453	6.804e-06	0.80024	-0.59968
369	456	2.2338e-05	0.62733	0.77875
369	477	1.2644e-05	-0.99945	-0.033108
370	496	3.7498e-05	0.29953	0.95409
371	408	1.5645e-05	-0.75972	-0.65026
371	430	8.0278e-06	0.27457	-0.96157
371	503	2.5679e-05	0.99889	-0.047016
371	507	3.5112e-06	0.31079	0.95048
372	388	1.296e-05	0.076399	-0.99708
372	401	2.8491e-05	-0.921	0.38957
372	454	1.0938e-05	0.60781	0.79408
372	470	1.9827e-05	0.9382	-0.34609
373	457	4.1829e-06	0.98396	0.1784
374	406	5.4326e-05	0.99904	-0.043793
374	448	7.1084e-05	-0.79929	-0.60095
374	472	2.0332e-05	0.37643	-0.92645
375	446	6.1199e-05	-0.80997	0.58647
375	476	6.7225e-05	0.70175	-0.71242
376	462	2.6461e-05	-0.81753	-0.57589
376	481	2.5907e-05	0.92275	-0.38541
377	379	5.1817e-06	-0.78493	0.61958
377	454	4.852e-06	0.2708	-0.96264
377	468	7.524e-06	-0.89032	-0.45534
378	421	5.6724e-05	-0.077602	0.99698
378	479	6.5786e-05	0.57685	-0.81685
378	482	1.8709e-05	-0.76795	-0.64051
379	422	7.1748e-06	0.88833	0.45921
379	449	3.5911e-05	-0.04735	0.99888
379	468	3.7002e-05	-0.23622	-0.9717
380	452	4.9851e-05	0.98063	-0.19585
380	480	1.0965e-05	0.49881	0.86671
381	393	3.8383e-05	-0.62103	-0.78379
382	462	2.7881e-05	0.98742	-0.15811
382	491	3.0406e-05	0.16555	-0.9862
383	470	4.272e-05	-0.99148	0.13028
384	433	6.9651e-06	-0.25872	-0.96595
385	402	2.0976e-05	0.24218	-0.97023
385	504	3.9072e-06	-0.93752	0.34794
386	404	2.0911e-05	0.081454	-0.99668
386	481	4.5941e-05	-0.72509	0.68865
388	442	3.9341e-05	-0.6564	-0.75441
388	470	6.724e-05	0.8746	0.48485
388	498	4.9253e-05	0.55549	-0.83152
389	419	4.3425e-05	-0.90413	0.42726
389	434	2.3156e-05	0.98313	0.18289
389	472	2.5158e-05	0.14072	0.99005
389	556	4.9425e-05	0.26214	-0.96503
391	423	2.8526e-05	0.79532	-0.60619
391	496	3.0998e-05	-0.63796	0.77007
392	440	9.5506e-06	0.99987	0.016237
392	467	4.2026e-06	-0.73463	-0.67847
393	492	1.2717e-05	-0.79608	0.60519
393	494	4.5914e-05	-0.63396	-0.77337
394	476	2.7598e-05	-0.10052	-0.99493
394	485	4.2898e-06	0.91066	-0.41316
395	507	4.2473e-05	-0.91033	-0.41388
396	438	5.9813e-05	0.98283	-0.18451
396	733	7.9308e-05	-0.9988	0.049068
397	478	1.9017e-06	-0.67932	-0.73384
398	460	2.3989e-05	-0.40851	-0.91275
399	410	5.6623e-05	0.93305	-0.35975
400	451	1.5804e-05	-0.96793	-0.25121
400	505	8.5365e-06	0.63217	0.77483
401	468	3.7e-05	0.21417	0.9768
401	474	3.8798e-05	-0.85723	0.51493
402	471	2.349e-05	0.84114	-0.54082
403	453	4.4631e-05	-0.6273	-0.77878
403	456	3.421e-05	-0.80022	0.5997
403	494	5.7175e-05	0.96848	0.24909
404	463	1.9524e-05	-0.11688	-0.99315
406	442	2.826e-05	0.79631	-0.60489
406	472	1.2658e-05	-0.45607	-0.88994
407	430	3.3357e-05	0.06878	0.99763
407	474	3.4558e-05	0.67991	-0.7333
408	430	1.2696e-05	0.90766	-0.4197
409	428	1.0565e-05	-0.83942	-0.54348
409	441	1.9512e-06	0.14427	-0.98954
409	489	1.1515e-05	0.74569	0.6663
411	469	9.0559e-06	0.69045	0.72338
411	479	3.3342e-05	-0.4649	0.88537
412	421	3.1446e-05	-0.93149	0.36377
413	447	1.5471e-05	-0.99457	0.10405
414	426	3.6843e-05	-0.77615	-0.63054
414	440	1.8623e-05	-0.89664	0.44276
414	451	3.3451e-05	0.9871	-0.16008
415	424	1.5335e-05	-0.83653	-0.54792
415	469	1.1643e-05	-0.84668	0.5321
415	507	1.341e-06	0.53265	-0.84634
416	500	5.9628e-05	-0.10503	0.99447
417	422	6.8874e-06	-0.34943	-0.93696
418	438	1.3379e-05	0.32649	0.9452
418	483	8.8333e-06	0.99997	-0.0074072
418	493	1.8235e-05	-0.72393	-0.68988
419	448	2.73e-05	-0.28151	0.95956
419	485	3.1961e-05	-0.99921	0.039755
419	549	8.9202e-06	0.040299	-0.99919
420	441	5.4081e-05	-0.74558	-0.66641
420	489	5.9472e-05	-0.14413	0.98956
420	499	4.3847e-05	0.99198	-0.12637
421	441	5.358e-05	0.49892	0.86665
421	452	5.6486e-05	-0.84383	0.53661
422	449	4.9257e-06	-0.78762	0.61616
423	460	2.8486e-05	0.22225	0.97499
423	480	3.8196e-05	0.99491	0.10073
424	469	4.398e-05	-0.14958	0.98875
425	449	3.8016e-05	-0.37751	-0.926
426	440	6.7786e-05	-0.24988	0.96828
426	473	7.3632e-05	0.86101	-0.50858
426	487	7.3674e-05	-0.95911	-0.28302
427	464	2.5388e-05	0.24044	0.97066
427	539	2.7196e-05	-0.17226	-0.98505
428	441	1.5772e-05	0.8438	-0.53666
428	452	1.835e-05	-0.49887	-0.86668
428	480	9.2146e-06	-0.98063	0.19588
429	450	1.8434e-05	0.83375	-0.55214
429	493	1.491e-05	-0.6217	0.78325
429	714	6.2817e-06	-0.97108	-0.23876
430	503	2.5806e-05	0.62085	0.78393
431	452	5.667e-06	0.70821	0.706
432	438	7.9593e-06	-0.40983	-0.91216
432	443	1.3061e-05	0.58497	-0.81105
433	454	8.9167e-06	-0.89291	-0.45023
434	442	3.5386e-05	0.35141	0.93622
434	472	7.5075e-06	-0.72206	0.69183
434	590	3.7111e-05	0.19091	-0.98161
435	465	1.0842e-06	-0.60839	-0.79364
436	443	5.1221e-05	-0.57737	0.81648
436	455	6.0375e-05	0.36939	-0.92927
436	483	1.4624e-05	-0.99486	-0.10122
437	455	3.1508e-05	-0.98872	-0.14977
437	471	2.5232e-05	0.38614	0.92244
437	492	1.2089e-05	0.99813	-0.061141
438	443	5.1274e-05	0.99487	0.10112
438	483	2.5048e-05	0.57729	-0.81654
440	477	3.2696e-05	0.43213	0.90181
443	504	4.6598e-05	0.624	0.78143
444	464	7.788e-06	-0.99998	0.0060794
444	466	2.3371e-05	0.98147	-0.19162
444	604	7.6023e-07	0.32483	-0.94577
445	481	1.0688e-05	-0.97084	-0.23971
446	466	5.0977e-05	-0.89123	-0.45355
447	486	3.7366e-05	0.4558	-0.89008
447	501	4.1932e-05	-0.99916	0.041009
448	485	2.3484e-05	-0.61516	-0.7884
449	503	2.0273e-05	-0.98318	0.18264
450	461	3.0958e-05	0.59951	0.80037
450	477	1.7095e-05	0.8098	-0.58671
450	502	1.4045e-05	-0.91677	-0.39942
451	453	3.9684e-05	0.36013	0.9329
451	473	1.323e-05	-0.6625	-0.74906
451	495	3.8423e-05	0.31742	-0.94828
452	480	9.492e-06	-0.41295	0.91076
455	456	4.2335e-05	0.60989	-0.79249
455	461	2.7446e-05	-0.99486	-0.10128
457	486	3.6131e-05	-0.68857	0.72517
458	497	5.8753e-05	-0.92868	-0.37087
460	490	6.8245e-06	-0.50831	0.86118
461	483	2.3673e-05	-0.36939	0.92927
462	491	7.3258e-06	-0.70444	-0.70976
465	703	5.3586e-05	-0.99931	0.037249
465	727	7.2038e-06	-0.50712	0.86187
466	563	2.9699e-05	0.23549	-0.97188
466	604	2.9597e-05	-0.65664	-0.75421
467	487	3.6183e-05	0.87891	-0.477
467	686	3.6111e-05	-0.9407	-0.33923
468	474	8.1835e-06	-0.91831	-0.39587
469	479	2.6626e-05	-0.99032	0.13882
469	488	4.771e-05	0.44796	0.89406
471	482	1.6954e-05	0.72302	0.69083
473	495	3.9935e-05	0.97996	-0.19919
476	485	4.6522e-05	0.86679	0.49867
476	545	3.6203e-05	-0.50508	-0.86307
476	566	7.127e-06	-0.98367	-0.17996
476	603	7.2262e-05	0.40647	-0.91367
478	484	1.4731e-05	-0.26385	0.96457
478	578	7.473e-06	0.50714	-0.86186
478	783	1.1051e-05	-0.60839	-0.79364
484	672	2.1639e-05	-0.9939	0.11025
484	701	1.3671e-06	-0.56529	0.8249
485	514	1.1426e-05	0.2062	-0.97851
490	496	2.8424e-05	-0.79709	-0.60386
491	501	4.8262e-05	-0.40934	-0.91238
493	714	3.5905e-05	-0.18754	-0.98226
493	741	1.6397e-05	-0.8507	0.52565
494	505	6.1741e-06	-0.35632	-0.93437
497	735	6.5256e-05	-0.97411	0.22607
499	501	5.4659e-05	0.90867	-0.41752
500	506	2.1199e-05	-0.47965	0.87746
502	702	6.1201e-06	-0.94073	-0.33915
502	714	6.9747e-05	-0.57347	0.81922
508	525	3.146e-05	-0.79535	0.60615
508	527	4.6272e-05	0.0070783	-0.99997
508	532	5.5611e-05	-0.9226	-0.38577
508	555	5.4356e-05	0.99999	-0.004773
508	573	5.3489e-05	0.40468	0.91446
509	562	4.3607e-05	-0.57718	-0.81662
509	577	2.9859e-05	0.97996	0.19921
509	580	1.1118e-05	0.50179	-0.86499
509	608	4.0452e-05	-0.23906	0.97101
510	568	2.0798e-05	-0.66681	0.74523
510	593	1.1158e-05	0.46491	-0.88536
510	596	1.1426e-05	-0.69043	-0.7234
510	602	1.6779e-05	0.9875	0.15764
511	562	2.8858e-05	0.16432	0.98641
511	606	2.5809e-05	0.069274	-0.9976
511	789	7.0729e-06	-0.9232	-0.38433
512	530	2.5374e-05	-0.77709	0.62939
512	586	2.0994e-05	-0.80768	-0.58962
512	588	5.2565e-05	0.3031	-0.95296
512	591	5.0917e-05	0.40736	0.91327
513	519	2.0294e-05	-0.10682	0.99428
513	568	1.5949e-05	-0.96705	-0.2546
513	602	2.3858e-05	0.7373	-0.67556
514	531	9.4028e-06	0.29845	-0.95442
514	549	2.3526e-06	0.99186	0.12731
514	603	3.7455e-06	-0.74322	-0.66905
515	541	1.1196e-05	0.051907	-0.99865
515	590	1.1193e-05	-0.92273	0.38544
515	598	1.1923e-05	0.8175	0.57593
516	543	5.0239e-05	-0.56291	0.82652
516	574	2.6258e-05	-0.99724	-0.074237
516	595	9.244e-06	0.62659	0.77935
517	522	9.2783e-06	0.43436	0.90074
517	561	1.7773e-05	-0.56285	0.82656
517	574	2.7716e-05	0.99993	-0.011611
518	564	1.5282e-05	0.9665	-0.25666
518	579	1.8719e-05	-0.38833	-0.92152
518	611	2.2462e-05	-0.33393	0.9426
519	571	1.8094e-05	-0.29839	0.95444
519	609	4.3475e-06	0.74327	0.66899
520	547	3.5596e-06	-0.93253	-0.36109
520	548	5.2436e-06	0.4448	0.89563
520	587	1.2976e-05	0.5427	-0.83993
520	592	9.6299e-06	-0.62878	0.77759
521	548	3.6631e-05	-0.62639	0.77951
521	551	3.8951e-05	0.96327	0.26853
521	587	4.1647e-05	-0.34997	-0.93676
522	535	1.3891e-05	-0.56287	0.82655
522	543	4.6558e-05	0.99993	-0.011639
522	561	3.4802e-05	-0.99724	-0.074192
523	535	2.7259e-05	-0.98662	-0.16304
523	546	3.1914e-05	0.99562	-0.093543
523	552	8.889e-06	-0.54899	0.83583
524	538	1.1029e-05	0.35792	-0.93375
524	584	2.4912e-06	0.61612	0.78765
524	610	9.9772e-06	-0.54949	0.8355
525	532	1.2931e-05	-0.12721	-0.99188
525	551	3.6497e-05	-0.72028	0.69368
525	560	7.194e-06	0.40469	0.91446
526	564	4.1372e-06	-0.84209	-0.53933
526	576	4.9622e-06	0.016135	0.99987
526	594	2.1699e-06	0.13937	-0.99024
526	599	3.1555e-06	0.98287	-0.1843
527	557	1.9045e-05	0.0744	-0.99723
527	576	3.645e-05	0.98174	-0.19021
527	611	4.2114e-05	-0.87557	-0.48309
528	529	2.8648e-05	0.3793	-0.92528
528	602	4.1478e-05	-0.6831	-0.73032
528	610	5.9425e-05	0.29395	0.95582
529	538	1.5181e-05	0.99074	0.1358
529	559	3.7562e-05	0.61296	-0.79012
529	602	2.7221e-05	-0.99917	0.040761
530	569	2.2198e-05	-0.60069	0.79948
530	601	6.6263e-06	-0.96339	-0.2681
531	537	4.4157e-05	0.99186	0.1273
531	603	4.4286e-05	-0.99199	0.12631
531	609	2.0402e-05	0.14412	-0.98956
532	550	5.4149e-05	-0.94644	-0.32288
532	611	1.6881e-05	-0.10084	-0.9949
533	541	6.8017e-05	0.96063	-0.27783
533	584	3.6798e-05	-0.29929	-0.95416
533	590	4.7212e-05	-0.16553	0.98621
533	605	4.7104e-05	-0.98742	0.1581
534	542	1.5831e-05	-0.57384	0.81896
534	545	4.5092e-05	0.78981	0.61335
534	575	1.7287e-05	0.23059	-0.97305
534	597	3.87e-05	-0.78851	-0.61502
535	559	3.5757e-05	-0.74292	0.66938
535	561	1.876e-05	-0.43435	-0.90074
536	554	2.1257e-05	0.90223	-0.43126
536	572	1.5475e-05	0.82463	0.56568
536	576	3.2406e-05	-0.98287	0.18431
536	599	5.56e-06	-0.016089	-0.99987
537	549	9.0246e-06	-0.2984	0.95444
537	556	2.3694e-05	0.82753	0.56142
537	605	3.1436e-05	0.85517	-0.51834
538	552	1.1207e-05	0.8027	-0.59638
538	559	1.1219e-05	-0.3778	-0.92589
538	601	1.675e-05	0.84961	0.52742
539	548	4.1546e-05	-0.74942	-0.66209
539	578	3.4883e-06	-0.91413	0.40542
539	607	2.9647e-05	0.99972	-0.023487
540	541	5.2575e-05	-0.86089	0.50879
540	544	1.5114e-05	0.010186	0.99995
540	591	6.154e-05	0.73298	-0.68025
541	544	2.6075e-05	0.87105	0.49119
541	569	1.6267e-05	-0.12622	-0.992
542	563	1.6461e-05	-0.80929	0.58741
542	566	5.3678e-06	0.78926	0.61406
543	546	8.1424e-05	0.41947	0.90777
543	574	3.6561e-05	-0.43436	-0.90074
544	558	2.3639e-05	0.92813	0.37225
544	598	1.9144e-05	0.048382	0.99883
545	603	1.7696e-05	0.97922	-0.20278
546	586	3.9702e-05	-0.3032	0.95293
546	588	7.8351e-05	0.80765	0.58966
546	595	1.9683e-05	0.74614	-0.66579
547	608	2.8168e-06	0.23644	-0.97165
547	780	4.2415e-06	-0.93962	0.34223
548	578	4.3527e-06	-0.28965	0.95713
548	592	5.0512e-05	-0.99951	0.031223
550	577	3.4433e-05	-0.72262	-0.69125
550	587	5.4797e-05	-0.85826	0.51322
550	611	3.004e-05	0.68784	-0.72586
551	607	3.7498e-05	0.29953	0.95409
552	586	4.1829e-06	0.98396	0.1784
553	590	2.6461e-05	-0.81753	-0.57589
553	598	2.5907e-05	0.92275	-0.38541
554	572	5.6724e-05	-0.077602	0.99698
554	596	6.5786e-05	0.57685	-0.81685
554	599	1.8709e-05	-0.76795	-0.64051
555	585	4.9851e-05	0.98063	-0.19585
555	597	1.0965e-05	0.49881	0.86671
556	590	2.7881e-05	0.98742	-0.15811
556	605	3.0406e-05	0.16555	-0.9862
557	564	2.0976e-05	0.24218	-0.97023
557	611	3.9072e-06	-0.93752	0.34794
558	565	2.0911e-05	0.081454	-0.99668
558	598	4.5941e-05	-0.72509	0.68865
560	573	2.8526e-05	0.79532	-0.60619
560	607	3.0998e-05	-0.63796	0.77007
562	580	5.9813e-05	0.98283	-0.18451
562	786	7.9308e-05	-0.9988	0.049068
563	589	2.3989e-05	-0.40851	-0.91275
564	594	2.349e-05	0.84114	-0.54082
565	591	1.9524e-05	-0.11688	-0.99315
567	575	1.0565e-05	-0.83942	-0.54348
567	581	1.9512e-06	0.14427	-0.98954
567	603	1.1515e-05	0.74569	0.6663
568	572	3.1446e-05	-0.93149	0.36377
569	584	1.5471e-05	-0.99457	0.10405
570	580	1.3379e-05	0.32649	0.9452
570	600	8.8333e-06	0.99997	-0.0074072
570	606	1.8235e-05	-0.72393	-0.68988
571	581	5.4081e-05	-0.74558	-0.66641
571	603	5.9472e-05	-0.14413	0.98956
571	609	4.3847e-05	0.99198	-0.12637
572	581	5.358e-05	0.49892	0.86665
572	585	5.6486e-05	-0.84383	0.53661
573	589	2.8486e-05	0.22225	0.97499
573	597	3.8196e-05	0.99491	0.10073
575	581	1.5772e-05	0.8438	-0.53666
575	585	1.835e-05	-0.49887	-0.86668
575	597	9.2146e-06	-0.98063	0.19588
576	585	5.667e-06	0.70821	0.706
577	580	7.9593e-06	-0.40983	-0.91216
577	582	1.3061e-05	0.58497	-0.81105
578	592	1.0842e-06	-0.60839	-0.79364
579	582	5.1221e-05	-0.57737	0.81648
579	600	1.4624e-05	-0.99486	-0.10122
580	582	5.1274e-05	0.99487	0.10112
580	600	2.5048e-05	0.57729	-0.81654
582	611	4.6598e-05	0.624	0.78143
583	598	1.0688e-05	-0.97084	-0.23971
584	601	3.7366e-05	0.4558	-0.89008
584	610	4.1932e-05	-0.99916	0.041009
585	597	9.492e-06	-0.41295	0.91076
586	601	3.6131e-05	-0.68857	0.72517
587	608	5.8753e-05	-0.92868	-0.37087
589	604	6.8245e-06	-0.50831	0.86118
590	605	7.3258e-06	-0.70444	-0.70976
592	778	5.3586e-05	-0.99931	0.037249
592	783	7.2038e-06	-0.50712	0.86187
593	596	2.6626e-05	-0.99032	0.13882
593	602	4.771e-05	0.44796	0.89406
594	599	1.6954e-05	0.72302	0.69083
604	607	2.8424e-05	-0.79709	-0.60386
605	610	4.8262e-05	-0.40934	-0.91238
606	789	1.6397e-05	-0.8507	0.52565
608	788	6.5256e-05	-0.97411	0.22607
609	610	5.4659e-05	0.90867	-0.41752
612	616	2.821e-06	0.95934	-0.28226
612	642	8.9774e-06	-0.96542	-0.26068
612	644	1.6409e-05	-0.55548	0.83153
612	654	1.9505e-05	0.65636	0.75444
612	697	2.5326e-05	0.089759	-0.99596
613	614	2.7419e-05	-0.092095	0.99575
613	620	7.6187e-05	0.59202	-0.80592
613	635	2.6984e-05	0.95577	0.29412
614	636	2.5525e-05	0.041182	0.99915
614	643	4.0032e-06	-0.89336	0.44935
615	619	2.1836e-05	-0.99923	0.039263
615	621	2.0599e-05	0.90174	-0.43227
615	633	5.0182e-06	0.82526	0.56476
615	651	5.2893e-06	-0.16947	0.98553
616	654	4.4743e-05	-0.14311	0.98971
616	744	4.599e-05	0.19808	-0.98019
617	629	2.3821e-05	0.51432	0.8576
617	654	3.8278e-05	-0.88193	-0.47137
618	629	6.6497e-06	0.29472	-0.95558
618	641	2.5424e-05	-0.034471	0.99941
618	649	4.6997e-05	-0.74587	-0.66609
619	620	7.0165e-05	-0.38382	0.92341
619	626	6.4138e-05	0.079691	-0.99682
620	651	1.8487e-05	0.98304	0.18338
621	630	6.4447e-05	0.92097	-0.38963
621	633	4.231e-05	-0.076471	0.99707
621	634	4.5656e-05	-0.82231	-0.56904
622	632	2.1972e-05	-0.75504	-0.65568
622	645	5.0095e-05	0.99921	-0.039783
622	653	1.6011e-05	0.28148	-0.95957
623	627	1.064e-05	-0.88833	-0.45921
623	639	9.9964e-06	-0.78493	0.61958
623	641	2.0255e-05	0.57227	-0.82007
624	636	1.5645e-05	-0.75972	-0.65026
624	640	8.0278e-06	0.27457	-0.96157
624	656	2.5679e-05	0.99889	-0.047016
625	630	1.296e-05	0.076399	-0.99708
625	633	2.8491e-05	-0.921	0.38957
625	647	1.0938e-05	0.60781	0.79408
625	649	1.9827e-05	0.9382	-0.34609
626	634	5.4326e-05	0.99904	-0.043793
626	645	7.1084e-05	-0.79929	-0.60095
626	650	2.0332e-05	0.37643	-0.92645
627	628	5.1817e-06	-0.78493	0.61958
627	647	4.852e-06	0.2708	-0.96264
627	648	7.524e-06	-0.89032	-0.45534
628	639	7.1748e-06	0.88833	0.45921
628	646	3.5911e-05	-0.04735	0.99888
628	648	3.7002e-05	-0.23622	-0.9717
629	649	4.272e-05	-0.99148	0.13028
630	644	3.9341e-05	-0.6564	-0.75441
630	649	6.724e-05	0.8746	0.48485
630	654	4.9253e-05	0.55549	-0.83152
631	638	4.3425e-05	-0.90413	0.42726
631	642	2.3156e-05	0.98313	0.18289
631	650	2.5158e-05	0.14072	0.99005
631	700	4.9425e-05	0.26214	-0.96503
632	652	2.7598e-05	-0.10052	-0.99493
632	653	4.2898e-06	0.91066	-0.41316
633	648	3.7e-05	0.21417	0.9768
633	651	3.8798e-05	-0.85723	0.51493
634	644	2.826e-05	0.79631	-0.60489
634	650	1.2658e-05	-0.45607	-0.88994
635	640	3.3357e-05	0.06878	0.99763
635	651	3.4558e-05	0.67991	-0.7333
636	640	1.2696e-05	0.90766	-0.4197
638	645	2.73e-05	-0.28151	0.95956
638	653	3.1961e-05	-0.99921	0.039755
638	689	8.9202e-06	0.040299	-0.99919
639	646	4.9257e-06	-0.78762	0.61616
640	656	2.5806e-05	0.62085	0.78393
641	647	8.9167e-06	-0.89291	-0.45023
642	644	3.5386e-05	0.35141	0.93622
642	650	7.5075e-06	-0.72206	0.69183
642	734	3.7111e-05	0.19091	-0.98161
645	653	2.3484e-05	-0.61516	-0.7884
646	656	2.0273e-05	-0.98318	0.18264
648	651	8.1835e-06	-0.91831	-0.39587
652	653	4.6522e-05	0.86679	0.49867
652	748	7.2262e-05	0.40647	-0.91367
653	661	1.1426e-05	0.2062	-0.97851
657	737	1.1158e-05	0.46491	-0.88536
657	743	1.1426e-05	-0.69043	-0.7234
657	747	1.6779e-05	0.9875	0.15764
658	670	2.821e-06	0.95934	-0.28226
658	725	8.9774e-06	-0.96542	-0.26068
658	726	1.6409e-05	-0.55548	0.83153
658	750	1.9505e-05	0.65636	0.75444
658	776	2.5326e-05	0.089759	-0.99596
659	674	5.5743e-05	0.3683	-0.92971
659	715	3.7237e-05	-0.24835	0.96867
659	721	2.6348e-05	0.7597	0.65027
660	675	2.5374e-05	-0.77709	0.62939
660	732	2.0994e-05	-0.80768	-0.58962
660	733	5.2565e-05	0.3031	-0.95296
660	735	5.0917e-05	0.40736	0.91327
661	676	9.4028e-06	0.29845	-0.95442
661	689	2.3526e-06	0.99186	0.12731
661	748	3.7455e-06	-0.74322	-0.66905
662	683	1.1196e-05	0.051907	-0.99865
662	734	1.1193e-05	-0.92273	0.38544
662	744	1.1923e-05	0.8175	0.57593
663	684	5.0239e-05	-0.56291	0.82652
663	709	6.3504e-05	0.78489	-0.61964
663	718	7.5208e-06	-0.15563	-0.98782
663	722	2.6258e-05	-0.99724	-0.074237
663	741	9.244e-06	0.62659	0.77935
664	666	9.2783e-06	0.43436	0.90074
664	708	1.7773e-05	-0.56285	0.82656
664	722	2.7716e-05	0.99993	-0.011611
664	753	3.145e-05	-0.69128	-0.72259
665	674	5.2852e-05	-0.75971	-0.65026
665	693	2.3228e-05	0.7345	-0.67861
665	721	3.7381e-05	-0.36828	0.92972
665	754	3.9937e-05	0.92291	0.385
666	678	1.3891e-05	-0.56287	0.82655
666	684	4.6558e-05	0.99993	-0.011639
666	708	3.4802e-05	-0.99724	-0.074192
667	678	2.7259e-05	-0.98662	-0.16304
667	688	3.1914e-05	0.99562	-0.093543
667	695	8.889e-06	-0.54899	0.83583
668	690	2.0599e-05	0.90174	-0.43227
668	710	5.0182e-06	0.82526	0.56476
668	740	5.2893e-06	-0.16947	0.98553
669	681	1.1029e-05	0.35792	-0.93375
669	728	2.4912e-06	0.61612	0.78765
669	752	9.9772e-06	-0.54949	0.8355
670	750	4.4743e-05	-0.14311	0.98971
670	790	4.599e-05	0.19808	-0.98019
671	673	2.8648e-05	0.3793	-0.92528
671	747	4.1478e-05	-0.6831	-0.73032
671	752	5.9425e-05	0.29395	0.95582
672	701	2.3821e-05	0.51432	0.8576
672	750	3.8278e-05	-0.88193	-0.47137
673	681	1.5181e-05	0.99074	0.1358
673	706	3.7562e-05	0.61296	-0.79012
673	747	2.7221e-05	-0.99917	0.040761
674	713	3.0441e-05	0.73447	-0.67864
675	716	2.2198e-05	-0.60069	0.79948
675	746	6.6263e-06	-0.96339	-0.2681
676	680	4.4157e-05	0.99186	0.1273
676	748	4.4286e-05	-0.99199	0.12631
677	683	6.8017e-05	0.96063	-0.27783
677	728	3.6798e-05	-0.29929	-0.95416
677	734	4.7212e-05	-0.16553	0.98621
677	749	4.7104e-05	-0.98742	0.1581
678	706	3.5757e-05	-0.74292	0.66938
678	708	1.876e-05	-0.43435	-0.90074
679	692	1.6333e-05	-0.34944	-0.93696
679	702	6.1064e-06	0.64774	-0.76186
679	709	1.9213e-05	0.15553	0.98783
679	718	1.575e-06	-0.78493	0.61959
680	689	9.0246e-06	-0.2984	0.95444
680	700	2.3694e-05	0.82753	0.56142
680	749	3.1436e-05	0.85517	-0.51834
681	695	1.1207e-05	0.8027	-0.59638
681	706	1.1219e-05	-0.3778	-0.92589
681	746	1.675e-05	0.84961	0.52742
682	683	5.2575e-05	-0.86089	0.50879
682	685	1.5114e-05	0.010186	0.99995
682	735	6.154e-05	0.73298	-0.68025
683	685	2.6075e-05	0.87105	0.49119
683	716	1.6267e-05	-0.12622	-0.992
684	688	8.1424e-05	0.41947	0.90777
684	722	3.6561e-05	-0.43436	-0.90074
685	703	2.3639e-05	0.92813	0.37225
685	744	1.9144e-05	0.048382	0.99883
686	701	6.6497e-06	0.29472	-0.95558
686	724	2.5424e-05	-0.034471	0.99941
686	738	4.6997e-05	-0.74587	-0.66609
687	706	1.7908e-05	0.43437	0.90073
687	708	1.9105e-05	0.74292	-0.66938
687	717	2.2225e-05	-0.98863	-0.15038
688	732	3.9702e-05	-0.3032	0.95293
688	733	7.8351e-05	0.80765	0.58966
688	741	1.9683e-05	0.74614	-0.66579
690	704	6.4447e-05	0.92097	-0.38963
690	710	4.231e-05	-0.076471	0.99707
690	712	4.5656e-05	-0.82231	-0.56904
691	707	2.1972e-05	-0.75504	-0.65568
691	729	5.0095e-05	0.99921	-0.039783
691	745	1.6011e-05	0.28148	-0.95957
692	698	1.064e-05	-0.88833	-0.45921
692	720	9.9964e-06	-0.78493	0.61958
692	724	2.0255e-05	0.57227	-0.82007
693	713	1.5645e-05	-0.75972	-0.65026
693	723	8.0278e-06	0.27457	-0.96157
693	753	2.5679e-05	0.99889	-0.047016
693	754	3.5112e-06	0.31079	0.95048
694	704	1.296e-05	0.076399	-0.99708
694	710	2.8491e-05	-0.921	0.38957
694	731	1.0938e-05	0.60781	0.79408
694	738	1.9827e-05	0.9382	-0.34609
695	732	4.1829e-06	0.98396	0.1784
696	712	5.4326e-05	0.99904	-0.043793
696	729	7.1084e-05	-0.79929	-0.60095
696	739	2.0332e-05	0.37643	-0.92645
697	734	2.6461e-05	-0.81753	-0.57589
697	744	2.5907e-05	0.92275	-0.38541
698	699	5.1817e-06	-0.78493	0.61958
698	731	4.852e-06	0.2708	-0.96264
698	736	7.524e-06	-0.89032	-0.45534
699	720	7.1748e-06	0.88833	0.45921
699	730	3.5911e-05	-0.04735	0.99888
699	736	3.7002e-05	-0.23622	-0.9717
700	734	2.7881e-05	0.98742	-0.15811
700	749	3.0406e-05	0.16555	-0.9862
701	738	4.272e-05	-0.99148	0.13028
702	724	6.9651e-06	-0.25872	-0.96595
703	711	2.0911e-05	0.081454	-0.99668
703	744	4.5941e-05	-0.72509	0.68865
704	726	3.9341e-05	-0.6564	-0.75441
704	738	6.724e-05	0.8746	0.48485
704	750	4.9253e-05	0.55549	-0.83152
705	719	4.3425e-05	-0.90413	0.42726
705	725	2.3156e-05	0.98313	0.18289
705	739	2.5158e-05	0.14072	0.99005
705	777	4.9425e-05	0.26214	-0.96503
707	742	2.7598e-05	-0.10052	-0.99493
707	745	4.2898e-06	0.91066	-0.41316
708	754	4.2473e-05	-0.91033	-0.41388
709	714	5.6623e-05	0.93305	-0.35975
710	736	3.7e-05	0.21417	0.9768
710	740	3.8798e-05	-0.85723	0.51493
711	735	1.9524e-05	-0.11688	-0.99315
712	726	2.826e-05	0.79631	-0.60489
712	739	1.2658e-05	-0.45607	-0.88994
713	723	1.2696e-05	0.90766	-0.4197
715	737	9.0559e-06	0.69045	0.72338
715	743	3.3342e-05	-0.4649	0.88537
716	728	1.5471e-05	-0.99457	0.10405
717	721	1.5335e-05	-0.83653	-0.54792
717	737	1.1643e-05	-0.84668	0.5321
717	754	1.341e-06	0.53265	-0.84634
718	720	6.8874e-06	-0.34943	-0.93696
719	729	2.73e-05	-0.28151	0.95956
719	745	3.1961e-05	-0.99921	0.039755
719	774	8.9202e-06	0.040299	-0.99919
720	730	4.9257e-06	-0.78762	0.61616
721	737	4.398e-05	-0.14958	0.98875
722	730	3.8016e-05	-0.37751	-0.926
723	753	2.5806e-05	0.62085	0.78393
724	731	8.9167e-06	-0.89291	-0.45023
725	726	3.5386e-05	0.35141	0.93622
725	739	7.5075e-06	-0.72206	0.69183
725	787	3.7111e-05	0.19091	-0.98161
727	744	1.0688e-05	-0.97084	-0.23971
728	746	3.7366e-05	0.4558	-0.89008
728	752	4.1932e-05	-0.99916	0.041009
729	745	2.3484e-05	-0.61516	-0.7884
730	753	2.0273e-05	-0.98318	0.18264
732	746	3.6131e-05	-0.68857	0.72517
734	749	7.3258e-06	-0.70444	-0.70976
736	740	8.1835e-06	-0.91831	-0.39587
737	743	2.6626e-05	-0.99032	0.13882
737	747	4.771e-05	0.44796	0.89406
742	745	4.6522e-05	0.86679	0.49867
742	792	7.2262e-05	0.40647	-0.91367
745	756	1.1426e-05	0.2062	-0.97851
749	752	4.8262e-05	-0.40934	-0.91238
755	763	2.5374e-05	-0.77709	0.62939
755	785	2.0994e-05	-0.80768	-0.58962
755	786	5.2565e-05	0.3031	-0.95296
755	788	5.0917e-05	0.40736	0.91327
756	764	9.4028e-06	0.29845	-0.95442
756	774	2.3526e-06	0.99186	0.12731
756	792	3.7455e-06	-0.74322	-0.66905
757	770	1.1196e-05	0.051907	-0.99865
757	787	1.1193e-05	-0.92273	0.38544
757	790	1.1923e-05	0.8175	0.57593
758	771	5.0239e-05	-0.56291	0.82652
758	782	2.6258e-05	-0.99724	-0.074237
758	789	9.244e-06	0.62659	0.77935
759	760	9.2783e-06	0.43436	0.90074
759	779	1.7773e-05	-0.56285	0.82656
759	782	2.7716e-05	0.99993	-0.011611
760	766	1.3891e-05	-0.56287	0.82655
760	771	4.6558e-05	0.99993	-0.011639
760	779	3.4802e-05	-0.99724	-0.074192
761	766	2.7259e-05	-0.98662	-0.16304
761	773	3.1914e-05	0.99562	-0.093543
761	775	8.889e-06	-0.54899	0.83583
762	768	1.1029e-05	0.35792	-0.93375
762	784	2.4912e-06	0.61612	0.78765
762	794	9.9772e-06	-0.54949	0.8355
763	781	2.2198e-05	-0.60069	0.79948
763	791	6.6263e-06	-0.96339	-0.2681
764	767	4.4157e-05	0.99186	0.1273
764	792	4.4286e-05	-0.99199	0.12631
765	770	6.8017e-05	0.96063	-0.27783
765	784	3.6798e-05	-0.29929	-0.95416
765	787	4.7212e-05	-0.16553	0.98621
765	793	4.7104e-05	-0.98742	0.1581
766	779	1.876e-05	-0.43435	-0.90074
767	774	9.0246e-06	-0.2984	0.95444
767	777	2.3694e-05	0.82753	0.56142
767	793	3.1436e-05	0.85517	-0.51834
768	775	1.1207e-05	0.8027	-0.59638
768	791	1.675e-05	0.84961	0.52742
769	770	5.2575e-05	-0.86089	0.50879
769	772	1.5114e-05	0.010186	0.99995
769	788	6.154e-05	0.73298	-0.68025
770	772	2.6075e-05	0.87105	0.49119
770	781	1.6267e-05	-0.12622	-0.992
771	773	8.1424e-05	0.41947	0.90777
771	782	3.6561e-05	-0.43436	-0.90074
772	778	2.3639e-05	0.92813	0.37225
772	790	1.9144e-05	0.048382	0.99883
773	785	3.9702e-05	-0.3032	0.95293
773	786	7.8351e-05	0.80765	0.58966
773	789	1.9683e-05	0.74614	-0.66579
775	785	4.1829e-06	0.98396	0.1784
776	787	2.6461e-05	-0.81753	-0.57589
776	790	2.5907e-05	0.92275	-0.38541
777	787	2.7881e-05	0.98742	-0.15811
777	793	3.0406e-05	0.16555	-0.9862
778	780	2.0911e-05	0.081454	-0.99668
778	790	4.5941e-05	-0.72509	0.68865
779	795	4.2473e-05	-0.91033	-0.41388
780	788	1.9524e-05	-0.11688	-0.99315
781	784	1.5471e-05	-0.99457	0.10405
783	790	1.0688e-05	-0.97084	-0.23971
784	791	3.7366e-05	0.4558	-0.89008
784	794	4.1932e-05	-0.99916	0.041009
785	791	3.6131e-05	-0.68857	0.72517
787	793	7.3258e-06	-0.70444	-0.70976
793	794	4.8262e-05	-0.40934	-0.91238
