32 2 1 
4 3 36 
35 5 7 
6 5 35 
40 12 11 
32 1 45 57 
50 10 9 49 
7 10 50 
49 9 8 63 
44 14 13 
28 27 39 
62 4 36 75 80 
8 4 62 63 
41 31 30 
54 11 22 53 
40 11 54 
35 7 50 82 
16 15 32 73 
64 21 16 76 
22 21 64 53 
18 17 51 59 
20 19 52 60 
61 24 23 
13 24 61 66 
44 13 66 86 87 
65 34 33 68 
39 34 65 
68 33 18 71 
71 18 59 
72 20 60 
38 20 72 69 
56 23 28 
61 23 56 83 92 
56 28 39 83 
73 32 57 
76 16 73 106 
78 35 82 
81 41 30 
58 41 81 
79 37 26 
48 37 79 94 
84 25 55 
26 25 84 136 
45 43 85 88 
82 50 49 
57 45 88 89 
47 46 77 93 
96 40 54 53 
29 40 96 
84 55 58 81 
107 30 29 
81 30 107 108 
51 47 93 99 
52 48 94 100 
53 64 76 
59 51 99 102 103 
60 52 100 104 105 
80 75 74 101 97 
90 62 80 97 
63 62 90 
66 61 92 86 
65 68 71 98 
98 39 65 
114 39 98 
83 39 114 115 
73 57 89 
82 49 63 110 
71 59 103 
72 60 105 
96 53 76 111 106 122 154 131 
101 74 95 113 
88 85 67 89 
98 71 103 102 142 143 
110 63 90 134 135 
79 26 136 149 
109 81 108 107 150 129 
84 81 109 133 
78 82 110 135 
119 29 96 158 
107 29 119 150 
111 76 106 
90 97 101 
112 87 86 
91 87 112 
92 83 115 137 
99 93 77 117 
100 94 79 118 
106 73 89 67 146 140 122 
95 91 112 141 113 
112 86 92 137 148 
102 99 117 77 123 142 
104 100 118 79 124 144 
90 101 113 151 159 
153 67 139 152 
147 67 153 
146 67 147 
115 114 98 155 156 
168 84 133 162 
136 84 168 169 
164 78 135 163 
157 78 164 
138 78 157 
155 98 143 170 
123 77 182 192 
183 79 149 
124 79 183 193 
175 90 159 
134 90 175 163 
172 96 131 
158 96 172 
137 115 156 166 
160 113 141 
151 113 160 
190 112 148 
141 112 190 
188 109 129 150 185 
161 109 188 
133 109 161 162 
163 135 134 
178 119 158 
150 119 178 179 
167 140 146 174 
122 140 167 
184 122 167 200 
154 122 184 
172 131 154 184 
173 137 166 
148 137 173 
165 139 138 
152 139 165 
146 147 153 
176 142 123 
143 142 176 180 
177 144 124 
145 144 177 181 
149 136 169 189 
174 146 153 195 
159 151 160 186 
185 150 179 
170 143 180 
171 145 181 
160 141 190 
183 149 189 
156 155 170 191 
194 138 157 
165 138 194 152 
166 156 191 
187 153 152 
195 153 187 211 
205 123 192 246 226 
176 123 205 
206 124 193 247 227 
177 124 206 
196 164 163 199 
157 164 196 
199 163 175 204 
186 160 190 212 
197 159 186 
175 159 197 204 
185 179 178 
202 158 172 
178 158 202 210 
194 157 196 221 
200 167 174 195 
198 161 188 
162 161 198 
203 168 162 
201 168 203 
169 168 201 
180 176 205 207 
181 177 206 208 
209 148 173 
190 148 209 244 
172 184 200 216 
202 172 216 
214 170 180 207 
191 170 214 
171 181 208 215 
217 166 191 
173 166 217 238 
235 152 194 221 234 
213 152 235 
187 152 213 211 
230 162 198 233 
203 162 230 231 232 
183 189 169 219 220 
219 169 201 
192 182 222 
223 183 220 
193 183 223 
209 173 238 
224 178 210 252 
185 178 224 
218 188 185 
198 188 218 248 233 
236 185 224 
218 185 236 
212 190 244 
239 186 212 
225 186 239 
197 186 225 
219 201 203 232 245 
237 195 211 
200 195 237 251 
229 196 199 228 
221 196 229 256 
214 207 205 240 
215 208 206 241 
249 191 214 
250 191 249 
217 191 250 
242 204 197 
199 204 242 243 
240 205 226 
241 206 227 
228 199 243 254 
242 197 225 267 
246 192 222 263 
247 193 223 264 
237 211 213 257 
253 200 251 
216 200 253 258 
255 202 216 258 266 
210 202 255 
252 210 255 
257 213 235 270 
234 221 256 
260 220 219 259 
223 220 260 
259 219 245 271 
268 218 236 
248 218 268 
261 224 252 
236 224 261 268 
245 232 231 262 271 
281 209 238 277 
244 209 281 283 
265 212 244 283 
239 212 265 
229 228 254 269 
230 233 248 
267 225 239 279 
276 217 250 278 
238 217 276 277 
270 235 234 
272 226 246 
240 226 272 273 
274 227 247 
241 227 274 275 
262 231 230 
273 214 240 
286 214 273 
249 214 286 278 
256 229 269 
275 215 241 
287 215 275 
279 239 265 
282 242 267 290 
243 242 282 
278 250 249 
254 243 282 288 
280 251 237 284 285 
253 251 280 
263 222 294 
295 223 260 293 310 
264 223 295 
289 237 257 270 
284 237 289 
272 246 263 294 300 
274 247 264 295 301 
291 255 266 
252 255 291 292 
269 254 288 
309 230 248 299 
297 230 309 
262 230 297 
296 252 292 
261 252 296 
307 234 256 311 
270 234 307 308 
299 248 268 298 
298 268 261 296 
305 253 280 285 
258 253 305 318 
293 260 259 
311 256 269 316 
271 262 297 313 314 
291 266 258 302 303 
304 267 279 
290 267 304 
306 277 276 312 317 
281 277 306 
304 279 265 
302 258 318 326 
273 272 300 
275 274 301 
283 281 306 315 
304 265 283 328 329 
322 259 271 314 
293 259 322 327 310 
312 276 278 
316 269 288 321 
319 270 308 333 
289 270 319 320 
321 282 290 
288 282 321 
296 292 291 323 324 
331 278 286 330 
312 278 331 342 
305 285 284 325 
328 283 315 
323 291 303 
284 289 320 325 
334 296 324 
298 296 334 335 
308 307 311 336 333 
341 297 309 
313 297 341 
339 286 273 
330 286 339 
340 287 275 
332 287 340 
318 305 325 347 
303 302 326 323 
337 294 345 354 
300 294 337 
346 295 310 327 
338 295 346 355 
301 295 338 
343 299 298 
309 299 343 
352 273 300 
339 273 352 397 403 330 
353 275 301 
340 275 353 398 404 332 
343 298 335 
348 306 317 344 
315 306 348 349 328 
317 312 342 344 
322 314 313 351 
358 304 329 
290 304 358 363 
350 311 316 
336 311 350 
352 300 337 364 
353 301 338 365 
326 318 347 
341 309 343 384 
327 322 351 359 
383 290 363 
356 290 383 
321 290 356 357 
319 333 336 362 
320 319 362 369 
367 316 321 368 
350 316 367 
368 321 357 
366 328 349 
329 328 366 358 
361 324 323 360 
334 324 361 370 
379 323 326 378 
360 323 379 
346 327 359 381 382 
335 334 370 
386 313 341 385 
351 313 386 392 
372 331 330 
342 331 372 374 
371 320 369 
325 320 371 
378 326 347 393 
364 337 354 
365 338 355 
344 342 374 375 
343 335 370 387 388 
389 325 371 406 
347 325 389 390 
348 344 375 391 
354 345 380 
355 346 382 
395 336 350 
362 336 395 399 
384 343 388 
366 349 348 396 
385 341 384 418 
395 350 367 
370 361 360 394 
359 351 392 402 
396 348 391 
393 347 390 408 
397 352 364 
398 353 365 
383 363 358 400 
368 357 356 
401 358 366 
400 358 401 
369 362 399 371 
365 355 382 413 
381 359 402 
387 370 394 422 
391 375 374 409 410 
379 378 393 
414 360 379 
394 360 414 
411 372 330 
374 372 411 409 
405 367 368 
395 367 405 
428 330 403 420 
431 330 428 
411 330 431 
429 332 404 421 
432 332 429 
412 332 432 
373 332 412 
413 382 381 
419 383 400 
356 383 419 
415 386 385 418 
392 386 415 
423 368 356 
405 368 423 
414 379 393 433 
413 381 402 427 
396 391 410 425 426 
407 388 387 
384 388 407 
408 390 389 
416 397 364 
403 397 416 420 
417 398 365 
404 398 417 421 
438 371 399 437 
406 371 438 
416 364 435 
436 365 413 
417 365 436 
366 396 426 430 
424 392 415 
402 392 424 
451 356 419 450 
423 356 451 
453 366 430 452 
434 366 453 
401 366 434 
422 394 414 445 446 
441 384 407 463 464 
418 384 441 
440 389 406 439 
408 389 440 455 
458 395 405 
399 395 458 461 
447 402 424 
427 402 447 
425 410 409 448 
442 393 408 
456 393 442 455 
433 393 456 
445 414 433 
443 411 431 
409 411 443 
444 412 432 
459 387 422 446 
407 387 459 476 
449 401 434 465 
400 401 449 
420 416 435 
421 417 436 
437 399 461 
450 419 400 
442 408 455 
439 406 438 469 470 
454 415 418 
424 415 454 466 
405 423 451 
468 400 449 465 
450 400 468 
458 405 451 477 
467 413 427 488 
436 413 467 
457 426 425 
430 426 457 452 
480 409 443 
448 409 480 478 
475 418 441 464 
454 418 475 
431 428 420 460 472 
432 429 421 462 473 
463 407 476 
445 433 456 471 
484 420 435 483 
460 420 484 
486 421 436 485 
462 421 486 
443 431 472 
444 432 473 
479 425 448 478 
457 425 479 487 
427 447 424 482 
446 445 471 
482 424 466 505 
440 439 470 474 
465 434 453 493 
438 437 461 495 
469 438 495 
483 435 502 
503 436 467 507 
485 436 503 
489 450 468 
451 450 489 490 
492 451 490 
477 451 492 
491 452 457 487 
453 452 491 493 
496 446 471 
459 446 496 497 
501 440 474 
455 440 501 
510 427 482 
488 427 510 511 
500 456 455 499 
471 456 500 508 
460 443 472 
480 443 460 512 
462 444 473 
481 444 462 513 
498 461 458 
495 461 498 
474 470 469 
499 455 501 
476 459 497 506 
504 454 475 464 
494 454 504 
466 454 494 
509 458 477 
515 458 509 524 
498 458 515 
463 476 506 
496 471 508 
507 467 488 
505 466 494 519 
493 491 487 514 518 
521 465 493 518 
468 465 521 522 
525 464 463 
504 464 525 528 
489 468 522 516 
484 483 502 
486 485 503 
514 487 479 
478 480 512 
517 490 489 516 
492 490 517 
477 492 517 520 
509 477 520 524 
510 482 505 519 
526 469 495 
474 469 526 527 
460 484 502 532 
462 486 503 533 
508 500 499 
501 474 527 530 
523 497 496 
506 497 523 
531 479 478 
514 479 531 
519 494 504 528 
507 488 511 
529 498 515 
495 498 529 
539 463 506 
525 463 539 567 568 
499 501 530 
517 516 522 534 
550 495 529 
545 495 550 
526 495 545 
532 502 552 556 
553 503 507 
533 503 553 557 
543 510 519 542 
511 510 543 
535 512 460 
478 512 535 
536 513 462 
563 478 535 562 
531 478 563 558 
537 517 534 
520 517 537 538 
541 508 499 
546 508 541 
496 508 546 
540 506 523 
539 506 540 567 
574 496 546 541 573 
549 496 574 585 
523 496 549 
544 515 524 
529 515 544 561 
559 514 531 558 
518 514 559 565 
548 519 528 551 
542 519 548 
530 527 526 555 
540 523 549 
572 499 530 577 
541 499 572 573 
544 524 520 560 561 
547 521 518 
522 521 547 
551 528 525 554 
547 518 565 
560 520 538 
591 460 532 
622 460 591 621 
569 460 622 628 629 
535 460 569 
593 462 533 
624 462 593 623 
570 462 624 630 631 
536 462 570 
566 511 543 579 
507 511 566 
554 525 568 576 
583 507 566 
553 507 583 
575 526 545 
555 526 575 
571 537 534 
538 537 571 
562 535 569 
564 536 570 
582 530 555 575 
577 530 582 
579 543 542 578 
578 542 548 584 
596 529 561 604 
580 529 596 
550 529 580 581 
612 522 547 600 611 
595 522 612 
534 522 595 
545 550 581 
584 548 551 586 
540 549 585 
591 532 556 590 
593 533 557 592 
567 540 585 
586 551 554 576 
559 558 563 588 589 
560 538 571 601 
588 563 562 587 
597 545 581 603 
575 545 597 
573 572 577 598 
606 553 583 
557 553 606 592 
556 552 605 590 
600 547 565 
594 568 567 
576 568 594 
619 534 595 642 
571 534 619 620 
599 559 589 610 
565 559 599 600 
598 577 582 608 
602 579 578 
566 579 602 607 
604 561 560 638 635 
614 562 569 629 632 
587 562 614 609 
603 581 580 
615 564 570 631 633 
625 567 585 
594 567 625 626 
589 588 587 609 610 
601 571 620 
608 582 575 617 
618 566 607 
583 566 618 
616 576 594 
586 576 616 
613 578 584 
602 578 613 
613 584 586 627 
641 575 597 640 
617 575 641 
603 580 596 634 
637 574 573 636 
585 574 637 
621 591 590 
623 593 592 
643 573 598 
636 573 643 
645 560 601 644 
638 560 645 
621 590 605 
623 592 606 
600 599 610 639 
634 596 604 635 
647 583 618 651 
606 583 647 
650 586 616 
627 586 650 
616 594 626 653 
640 597 603 
595 612 611 646 648 649 
642 595 649 655 
663 600 639 
646 600 663 
611 600 646 
609 614 632 
644 601 620 652 665 
664 585 637 680 684 670 695 
625 585 664 
654 603 634 666 
640 603 654 
623 606 647 677 
651 618 607 
608 617 641 656 657 
658 613 627 667 
602 613 658 
598 608 657 678 
643 598 678 690 
652 620 619 
650 616 653 671 
626 625 664 653 
681 602 658 707 709 
607 602 681 
651 607 681 687 688 
652 619 642 679 
666 634 635 
693 610 609 692 
639 610 693 696 
659 621 676 
622 621 659 660 
661 623 677 
624 623 661 662 
628 622 660 701 697 
630 624 662 702 699 
668 629 628 
632 629 668 682 
669 631 630 
633 631 669 683 
692 609 632 682 
666 635 638 686 
667 627 650 689 
680 637 636 
636 643 690 
645 644 665 691 
685 640 654 705 
641 640 685 
648 646 663 
655 649 648 
679 642 655 
689 650 671 
647 651 688 
668 628 697 698 
669 630 699 700 
638 645 691 
663 639 696 
678 657 656 708 
717 636 690 
680 636 717 718 
703 653 664 
671 653 703 
712 652 679 
665 652 712 
686 638 691 728 
705 654 666 704 
658 667 689 706 707 
661 677 647 711 
704 666 686 
701 660 659 
702 662 661 
695 670 684 713 
682 668 698 714 
683 669 700 715 
708 656 641 
701 659 710 
702 661 711 
687 681 709 
721 655 648 720 
679 655 721 724 
729 647 688 716 
723 647 729 744 
711 647 723 
749 641 685 
735 641 749 
708 641 735 
727 664 695 
703 664 727 
713 684 680 
717 690 678 
730 663 696 
648 663 730 734 
696 693 692 
692 682 714 725 
694 683 715 726 
719 665 712 738 
691 665 719 
713 680 718 739 
716 688 687 
722 689 671 
706 689 722 
720 648 734 
712 679 724 731 
742 678 708 735 
717 678 742 
716 687 709 740 741 
714 698 697 
715 700 699 
696 692 725 746 
704 686 728 
671 703 727 732 
766 671 732 
722 671 766 761 
740 709 707 
697 701 710 736 
699 702 711 737 
695 713 739 
738 712 731 
737 711 723 744 
733 705 704 
743 705 733 756 
685 705 743 
751 696 746 
730 696 751 757 
749 685 743 775 
748 691 719 
759 691 748 770 
728 691 759 760 
724 721 720 750 
745 717 742 758 
718 717 745 
747 706 722 761 
707 706 747 
729 716 741 
754 704 728 760 774 
733 704 754 755 
776 707 747 778 
740 707 776 768 
772 695 739 
765 695 772 
727 695 765 764 
739 718 745 773 
748 719 738 770 
752 714 697 
762 714 752 
725 714 762 746 
753 715 699 
763 715 753 
732 727 764 
731 724 750 771 
742 735 749 769 
805 697 736 804 
752 697 805 843 883 894 865 839 785 
807 699 737 806 
753 699 807 844 884 895 867 840 787 
767 734 730 777 
720 734 767 
756 733 755 
741 740 768 
738 731 771 779 770 
781 720 767 
750 720 781 
777 730 757 783 
758 742 769 
772 739 773 788 
775 743 756 
766 732 764 792 793 
789 729 741 791 
744 729 789 
773 745 758 788 
778 747 761 
782 746 762 801 
751 746 782 
791 741 768 790 
757 751 782 783 
780 744 789 803 
737 744 780 
774 760 759 
804 736 825 
826 737 780 803 
806 737 826 
795 749 775 811 
796 749 795 
769 749 796 798 
794 755 754 
756 755 794 
762 752 785 812 
763 753 787 813 
761 766 793 800 
778 761 800 808 
775 756 794 816 
790 768 776 
799 770 779 
759 770 799 814 
781 767 777 819 820 
797 764 765 
792 764 797 
774 759 814 
801 762 812 
802 763 813 
815 771 750 
779 771 815 822 799 
776 778 808 
823 769 798 
758 769 823 824 
819 777 783 821 
817 758 824 
788 758 817 
827 772 788 817 
765 772 827 
818 750 781 
841 750 818 
815 750 841 847 
811 775 816 
842 754 774 852 857 
794 754 842 838 
818 781 820 
837 776 808 800 
790 776 837 
796 795 811 830 
832 782 801 845 848 
783 782 832 833 
798 796 830 823 
821 783 833 
836 789 791 835 
803 789 836 
858 765 827 
831 765 858 862 
797 765 831 
852 774 814 851 
816 794 838 
835 791 790 
792 797 831 834 
793 792 834 
812 785 839 
813 787 840 
843 805 804 
844 807 806 
820 819 821 
845 801 812 
846 802 813 
855 799 822 863 
814 799 855 851 
822 815 847 
850 793 834 870 
800 793 850 
845 812 839 865 875 
846 813 840 867 876 
877 790 837 
835 790 877 878 
860 817 824 856 
827 817 860 861 
841 818 820 868 
856 824 823 
872 823 830 859 873 
856 823 872 
858 827 861 869 
859 830 811 
879 811 816 890 
859 811 879 
863 822 847 
833 832 848 886 
834 831 862 880 
870 800 850 
896 800 870 
837 800 896 893 
889 820 821 888 
868 820 889 
888 821 833 
847 841 868 
871 803 836 
903 803 871 892 
826 803 903 908 
874 838 842 857 891 
816 838 874 
890 816 874 909 910 
881 804 825 
883 804 881 913 914 
843 804 883 
882 806 826 
884 806 882 915 916 
844 806 884 
871 836 835 878 892 
848 845 875 
849 846 876 
857 852 851 885 
877 837 893 
881 825 907 
882 826 908 
888 833 886 
899 834 880 920 
870 834 899 900 
869 861 860 904 905 
897 858 869 905 
862 858 897 
873 859 879 901 
906 847 868 
863 847 906 
898 856 872 902 
860 856 898 
886 848 875 911 
887 849 876 912 
891 857 885 
919 851 855 921 
885 851 919 
855 863 906 
902 872 873 901 
896 870 900 
911 875 865 917 
912 876 867 918 
921 855 906 942 
909 874 891 923 
927 860 898 926 
904 860 927 
933 862 897 934 
880 862 933 920 
925 877 893 924 
878 877 925 
894 883 914 929 974 995 1004 977 937 865 
895 884 916 931 975 997 1005 978 938 867 
879 890 910 
903 892 878 928 
922 889 888 
868 889 922 
917 865 937 
918 867 938 
913 881 907 
915 882 908 
924 893 896 
935 879 910 949 969 
901 879 935 
934 897 905 
926 898 902 
934 905 904 939 
936 885 919 954 
891 885 936 
943 886 911 950 952 
888 886 943 944 
923 891 936 
902 901 935 964 
945 887 912 951 953 
962 888 944 
922 888 962 
960 896 900 899 965 
924 896 960 961 
956 878 925 981 
928 878 956 
929 914 913 
931 916 915 
947 903 928 970 
908 903 947 948 
913 907 946 
915 908 948 
950 911 917 937 
951 912 918 938 
973 868 922 
985 868 973 991 1000 
955 868 985 
906 868 955 
949 910 909 
954 919 921 942 
966 902 964 
926 902 966 
968 904 927 967 
939 904 968 971 
957 920 933 
899 920 957 958 
965 899 958 
963 909 923 
949 909 963 
927 926 966 967 
959 924 961 
925 924 959 
990 906 955 
976 906 990 
942 906 976 
972 934 939 971 
933 934 972 
929 913 979 
980 915 948 984 
931 915 980 
970 928 956 
981 925 959 
950 937 977 
951 938 978 
944 943 952 986 
991 922 962 
973 922 991 
936 954 942 982 983 
989 933 972 
957 933 989 
987 936 983 
923 936 987 988 
982 942 976 
963 923 988 
984 948 947 
992 935 969 1001 
964 935 992 966 
952 950 977 1006 
953 951 978 1007 
994 929 979 1010 
974 929 994 995 
996 931 980 1011 
975 931 996 997 
984 947 970 993 
962 944 986 
998 960 965 999 
961 960 998 
1013 949 963 
969 949 1013 1001 
990 955 985 1000 1015 
1008 956 981 1009 
970 956 1008 
1003 967 966 1002 
968 967 1003 1019 1020 
999 965 958 
1018 957 989 
958 957 1018 
1022 966 992 
1002 966 1022 
987 983 982 1014 
1016 962 986 1024 
991 962 1016 
1009 959 961 1033 1035 
981 959 1009 
971 968 1020 1021 
1023 952 1006 
986 952 1023 1024 
1025 953 1007 
972 971 1021 
1033 961 998 1032 
1012 970 1008 1039 1043 
993 970 1012 
988 987 1014 
1017 984 993 1012 
980 984 1017 
1011 980 1017 
989 972 1021 1057 1058 
1004 995 994 1028 
1005 997 996 1029 
1038 963 988 1042 
1013 963 1038 
976 990 1015 
1032 998 999 1034 
1030 977 1004 1028 1040 1098 1082 1068 
1006 977 1030 
1031 978 1005 1029 1041 1099 1084 1069 
1007 978 1031 
1028 994 1010 
1029 996 1011 
1019 1003 1002 
1053 958 1018 1052 
1034 958 1053 
999 958 1034 
1027 982 976 
1046 982 1027 1045 
1014 982 1046 1062 
1049 991 1016 
1000 991 1049 1054 
1036 992 1001 
1022 992 1036 1044 
1064 976 1015 1075 
1027 976 1064 1045 
1042 988 1014 
1039 1008 1009 
1023 1006 1030 1047 
1025 1007 1031 1048 
1037 989 1058 
1018 989 1037 
1015 1000 1054 
1039 1009 1035 1065 
1002 1022 1044 
1024 1023 1047 1060 
1026 1025 1048 1061 
1070 1001 1013 
1036 1001 1070 1073 1074 
1050 1012 1043 
1017 1012 1050 1051 
1059 1017 1051 
1011 1017 1059 
1055 1019 1002 
1020 1019 1055 1056 
1042 1014 1062 
1021 1020 1056 1057 
1016 1024 1060 
1070 1013 1038 1078 
1028 1010 1066 
1072 1018 1037 
1052 1018 1072 
1067 1011 1059 1090 
1029 1011 1067 
1040 1028 1066 
1041 1029 1067 
1092 1002 1044 1076 
1055 1002 1092 1096 
1063 1032 1034 
1033 1032 1063 
1035 1033 1063 1071 
1086 1016 1060 1101 1106 
1049 1016 1086 
1047 1030 1068 1082 
1048 1031 1069 1084 
1097 1015 1054 1077 1103 
1075 1015 1097 
1080 1039 1065 1091 
1043 1039 1080 1081 
1076 1036 1074 
1044 1036 1076 
1065 1035 1071 1091 
1072 1037 1058 1094 1095 
1046 1045 1064 1087 1088 
1104 1034 1053 
1063 1034 1104 
1060 1047 1082 1083 
1061 1048 1084 1085 
1050 1043 1081 
1059 1051 1050 1081 1093 
1042 1062 1046 1088 1100 
1079 1042 1100 1110 
1038 1042 1079 
1077 1054 1049 
1077 1049 1086 1105 
1056 1055 1096 
1094 1058 1057 
1090 1059 1093 
1113 1038 1079 1110 
1078 1038 1113 
1101 1060 1083 
1102 1061 1085 
1057 1056 1096 1111 
1073 1070 1078 
1087 1064 1075 
1115 1040 1066 1114 
1098 1040 1115 1133 1167 1173 1140 1082 
1117 1041 1067 1116 
1099 1041 1117 1135 1168 1175 1141 1084 
1094 1057 1111 
1076 1074 1073 1112 
1109 1072 1095 
1052 1072 1109 1120 
1108 1071 1063 1107 
1091 1071 1108 
1053 1052 1120 1126 
1104 1053 1126 1131 
1130 1063 1104 1131 
1107 1063 1130 
1123 1066 1089 
1114 1066 1123 
1124 1067 1090 
1116 1067 1124 
1105 1086 1106 
1118 1076 1112 
1092 1076 1118 1119 
1087 1075 1097 1128 
1103 1077 1105 1139 
1096 1092 1119 
1073 1078 1113 
1109 1095 1094 
1110 1100 1088 
1128 1097 1103 1132 
1121 1083 1082 
1101 1083 1121 1151 
1122 1085 1084 
1102 1085 1122 1152 
1121 1082 1140 
1122 1084 1141 
1137 1091 1108 
1080 1091 1137 1155 
1125 1081 1080 
1149 1081 1125 1148 
1093 1081 1149 1161 1156 
1138 1090 1093 
1124 1090 1138 
1137 1108 1107 
1145 1094 1111 1146 1153 
1109 1094 1145 
1125 1080 1155 1148 
1129 1106 1101 
1105 1106 1129 1139 
1127 1088 1087 
1158 1088 1127 
1110 1088 1158 1143 
1154 1073 1113 1144 
1147 1073 1154 1162 
1112 1073 1147 
1138 1093 1156 
1133 1115 1114 
1135 1117 1116 
1113 1110 1143 1144 
1146 1111 1096 
1137 1107 1130 
1165 1087 1128 1164 
1150 1087 1165 1172 
1127 1087 1150 
1131 1126 1120 
1159 1101 1151 1181 1182 
1129 1101 1159 
1166 1109 1145 
1142 1109 1166 
1120 1109 1142 
1160 1102 1152 1183 1184 
1163 1096 1119 
1191 1096 1163 
1171 1096 1191 
1146 1096 1171 
1157 1112 1147 1162 
1118 1112 1157 
1169 1114 1123 
1133 1114 1169 1167 
1170 1116 1124 
1135 1116 1170 1168 
1164 1128 1132 
1158 1127 1150 1172 
1188 1119 1118 
1163 1119 1188 
1174 1121 1140 1173 
1151 1121 1174 1193 1181 
1176 1122 1141 1175 
1152 1122 1176 1194 1183 
1178 1131 1120 
1130 1131 1178 1190 
1188 1118 1157 
1155 1137 1130 1198 1199 
1154 1144 1143 
1164 1132 1103 
1169 1123 1189 1216 1204 
1180 1124 1138 
1170 1124 1180 1217 1205 
1187 1129 1159 1182 
1139 1129 1187 
1153 1146 1171 1185 
1166 1145 1153 1185 
1179 1138 1156 1161 1192 
1180 1138 1179 
1211 1103 1139 
1210 1103 1211 1228 
1164 1103 1210 
1177 1149 1148 
1161 1149 1177 
1198 1130 1190 
1186 1148 1155 
1177 1148 1186 
1197 1142 1166 
1120 1142 1197 1207 
1195 1158 1172 1209 
1143 1158 1195 1196 
1211 1139 1187 1230 1231 
1213 1143 1196 1221 
1154 1143 1213 1214 
1162 1154 1214 1225 
1206 1155 1199 
1186 1155 1206 1177 
1253 1120 1207 1236 
1237 1120 1253 
1208 1120 1237 
1178 1120 1208 
1197 1166 1185 1227 
1202 1164 1210 
1165 1164 1202 1203 
1167 1169 1204 
1168 1170 1205 
1193 1174 1173 1200 
1194 1176 1175 1201 
1192 1161 1177 1229 
1185 1171 1191 1226 
1209 1172 1165 
1173 1167 1204 1200 
1175 1168 1205 1201 
1180 1179 1192 1219 1220 
1224 1157 1162 1223 
1188 1157 1224 1234 
1222 1163 1188 
1191 1163 1222 
1190 1178 1208 
1223 1162 1225 
1209 1165 1203 1238 
1212 1181 1193 1232 
1182 1181 1212 
1215 1183 1194 1233 
1184 1183 1215 
1187 1182 1212 1230 
1217 1180 1220 
1227 1185 1226 
1216 1189 1218 
1221 1196 1195 
1222 1188 1234 
1232 1193 1200 
1233 1194 1201 
1240 1177 1206 
1251 1177 1240 
1229 1177 1251 
1252 1191 1222 
1226 1191 1252 
1235 1190 1208 1254 
1198 1190 1235 
1206 1199 1198 1243 1244 
1236 1197 1227 1256 
1207 1197 1236 
1228 1211 1231 
1195 1209 1238 
1225 1214 1213 
1239 1192 1229 
1219 1192 1239 
1243 1198 1235 1249 
1247 1210 1228 
1202 1210 1247 
1240 1206 1244 
1204 1216 1245 
1246 1217 1220 1248 
1205 1217 1246 
1234 1224 1223 1250 
1250 1223 1225 
1220 1219 1239 1248 
1258 1204 1245 1277 
1241 1204 1258 
1200 1204 1241 
1259 1205 1246 1278 
1242 1205 1259 
1201 1205 1242 
1254 1208 1237 
1281 1195 1238 
1255 1195 1281 1293 1283 
1221 1195 1255 
1262 1202 1247 
1203 1202 1262 
1267 1215 1233 1266 
1257 1230 1212 
1231 1230 1257 1260 1261 
1268 1200 1241 
1232 1200 1268 1284 1264 
1269 1201 1242 
1233 1201 1269 1285 1266 
1238 1203 1262 
1272 1225 1213 
1250 1225 1272 
1265 1212 1232 1264 
1257 1212 1265 
1270 1222 1234 1273 
1252 1222 1270 
1272 1213 1221 1283 1291 
1228 1231 1261 1263 
1249 1235 1254 
1271 1226 1252 1270 
1227 1226 1271 1292 
1283 1221 1255 
1247 1228 1263 1289 
1275 1234 1250 
1273 1234 1275 
1280 1239 1229 
1248 1239 1280 
1279 1244 1243 1282 
1240 1244 1279 
1282 1243 1249 
1286 1227 1292 
1256 1227 1286 1287 
1278 1246 1248 
1274 1229 1251 
1280 1229 1274 1290 1311 
1268 1241 1258 
1269 1242 1259 
1288 1236 1256 1287 
1276 1236 1288 
1253 1236 1276 
1274 1251 1240 1290 
1275 1250 1272 1297 
1278 1248 1280 1307 1308 
1262 1247 1289 1303 
1282 1249 1254 1299 
1305 1238 1262 1312 
1281 1238 1305 
1263 1261 1260 1294 1289 
1296 1253 1276 1288 
1237 1253 1296 
1304 1240 1279 
1316 1240 1304 
1290 1240 1316 
1302 1237 1296 1326 
1254 1237 1302 
1295 1257 1265 1300 1317 
1260 1257 1295 1294 
1309 1258 1277 
1268 1258 1309 
1273 1275 1297 
1310 1259 1278 
1269 1259 1310 
1313 1270 1273 1315 
1298 1270 1313 
1271 1270 1298 
1300 1265 1264 
1301 1267 1266 
1331 1254 1302 
1299 1254 1331 1332 
1312 1262 1303 
1300 1264 1284 1324 
1301 1266 1285 1325 
1292 1271 1298 1321 1322 
1315 1273 1297 1370 
1307 1280 1311 
1309 1277 1306 
1310 1278 1308 
1314 1279 1282 
1304 1279 1314 1330 
1293 1281 1305 1333 1334 
1320 1287 1286 
1288 1287 1320 1323 
1319 1283 1293 
1291 1283 1319 
1296 1288 1323 
1337 1268 1309 1342 
1284 1268 1337 1338 
1339 1269 1310 1343 
1285 1269 1339 1340 
1341 1282 1299 1332 
1314 1282 1341 
1327 1294 1295 1317 
1289 1294 1327 
1286 1292 1322 1335 
1321 1298 1313 
1329 1289 1327 1361 1362 
1303 1289 1329 
1317 1300 1324 
1318 1301 1325 
1344 1290 1316 1350 
1311 1290 1344 1345 
1272 1291 1319 1354 
1333 1305 1312 
1346 1296 1323 
1326 1296 1346 
1319 1293 1334 
1316 1304 1330 1355 1353 
1336 1308 1307 
1310 1308 1336 1352 
1336 1307 1311 1345 1358 
1331 1302 1326 1359 1360 
1365 1286 1335 
1320 1286 1365 1356 
1342 1309 1351 
1343 1310 1352 
1349 1313 1315 
1321 1313 1349 
1385 1272 1354 
1383 1272 1385 
1328 1272 1383 
1297 1272 1328 
1347 1284 1338 1368 
1324 1284 1347 
1348 1285 1340 1369 
1325 1285 1348 
1335 1322 1321 
1350 1316 1353 
1364 1303 1329 1363 
1312 1303 1364 1373 
1323 1320 1356 1357 
1388 1297 1328 1383 
1370 1297 1388 
1355 1314 1341 1375 
1330 1314 1355 
1346 1323 1357 1371 
1361 1327 1317 
1333 1312 1373 1374 
1338 1337 1342 
1340 1339 1343 
1332 1331 1360 
1335 1321 1349 1386 
1319 1334 1333 1366 1367 
1372 1315 1370 
1349 1315 1372 
1359 1326 1346 1380 
1354 1319 1367 1390 
1368 1324 1347 
1317 1324 1368 1376 
1369 1325 1348 
1318 1325 1369 1377 
1361 1317 1376 1393 
1341 1332 1360 1375 
1363 1329 1362 
1352 1336 1358 1381 
1378 1344 1350 
1345 1344 1378 1379 
1366 1333 1374 
1358 1345 1379 1384 
1380 1346 1371 1387 
1396 1342 1351 1395 
1338 1342 1396 1402 
1398 1343 1352 1397 
1340 1343 1398 1403 
1382 1353 1355 1400 1401 
1350 1353 1382 
1392 1335 1386 
1365 1335 1392 
1368 1338 1402 
1369 1340 1403 
1389 1349 1372 
1386 1349 1389 
1381 1358 1384 
1360 1359 1380 1404 
1362 1361 1393 
1410 1350 1382 1401 1416 
1378 1350 1410 
1391 1363 1362 
1364 1363 1391 
1399 1357 1356 
1371 1357 1399 1387 
1373 1364 1391 1408 
1385 1354 1390 
1412 1355 1375 1411 
1400 1355 1412 
1406 1360 1404 
1375 1360 1406 1407 
1420 1352 1381 1419 
1397 1352 1420 
1384 1379 1378 1417 
1405 1365 1392 1421 
1356 1365 1405 
1411 1375 1407 
1409 1367 1366 
1390 1367 1409 
1427 1362 1393 1426 
1391 1362 1427 
1413 1373 1408 
1374 1373 1413 
1429 1356 1405 1438 
1399 1356 1429 
1417 1378 1410 1432 
1422 1370 1388 
1418 1370 1422 
1372 1370 1418 
1419 1381 1384 
1414 1376 1368 
1393 1376 1414 1436 1426 
1415 1377 1369 
1394 1377 1415 1437 1428 
1389 1372 1418 1452 1453 
1424 1380 1387 1423 
1404 1380 1424 1435 
1419 1384 1417 
1425 1374 1413 1446 
1366 1374 1425 
1423 1387 1399 1429 
1416 1401 1400 
1444 1385 1390 1409 1440 
1383 1385 1444 
1422 1388 1383 1450 
1439 1366 1425 
1409 1366 1439 1440 
1433 1386 1389 
1392 1386 1433 1434 
1411 1407 1406 1441 
1421 1392 1434 1445 
1432 1410 1416 
1442 1402 1396 
1368 1402 1442 
1443 1403 1398 
1369 1403 1443 
1406 1404 1435 
1398 1397 1420 1448 
1449 1391 1427 
1408 1391 1449 
1416 1400 1412 1454 1455 
1438 1405 1421 1445 
1442 1396 1447 1470 
1443 1398 1448 1471 
1433 1389 1453 1464 
1430 1414 1368 
1436 1414 1430 
1431 1415 1369 
1437 1415 1431 
1467 1383 1444 1466 
1469 1383 1467 
1450 1383 1469 
1456 1406 1435 1472 
1441 1406 1456 
1452 1418 1422 
1446 1413 1408 1461 1462 
1432 1416 1455 
1459 1417 1432 
1419 1417 1459 1460 
1454 1412 1411 1476 
1476 1411 1441 
1427 1426 1436 
1451 1419 1460 1478 1479 
1420 1419 1451 
1452 1422 1450 1468 
1458 1429 1438 
1423 1429 1458 1463 
1461 1408 1449 1480 
1445 1434 1433 1465 
1457 1424 1423 
1435 1424 1457 1472 
1477 1420 1451 1479 
1448 1420 1477 1471 
1457 1423 1463 
1466 1444 1440 1474 1475 
1368 1442 1470 
1369 1443 1471 
1458 1438 1445 1482 1483 
1465 1433 1464 
1481 1425 1446 1462 1484 
1439 1425 1481 1473 
1473 1440 1439 
1474 1440 1473 1485 1486 
1436 1430 1368 1490 
1437 1431 1369 1491 
1476 1441 1456 
1502 1432 1455 1495 
1459 1432 1502 1503 1492 
1482 1445 1465 
1497 1427 1436 1490 1496 
1487 1427 1497 
1449 1427 1487 
1504 1368 1470 
1538 1368 1504 
1519 1368 1570 1585 1546 
1490 1368 1519 
1505 1369 1471 
1539 1369 1505 
1579 1369 1539 
1571 1369 1579 1639 1640 
1520 1369 1571 1586 1548 
1491 1369 1520 
1488 1452 1468 
1453 1452 1488 1489 
1480 1449 1487 
1493 1450 1469 
1468 1450 1493 1488 
1464 1453 1489 
1463 1458 1483 
1467 1466 1475 1501 
1495 1455 1454 1494 
1460 1459 1492 
1484 1462 1461 1500 
1478 1460 1492 1513 1514 
1500 1461 1480 
1485 1473 1481 1510 
1493 1469 1467 1501 
1475 1474 1486 1506 
1507 1472 1457 1515 
1456 1472 1507 
1477 1479 1478 1514 1517 
1504 1470 1508 
1509 1471 1477 1512 
1505 1471 1509 
1516 1454 1476 1521 
1494 1454 1516 
1528 1456 1507 1515 1532 
1476 1456 1528 1529 
1537 1457 1463 1536 
1515 1457 1537 1542 
1522 1464 1489 1531 1541 
1465 1464 1522 
1512 1477 1517 
1501 1475 1506 1533 
1536 1463 1483 1526 
1481 1484 1500 1527 1518 
1510 1481 1518 
1521 1476 1529 
1506 1486 1485 
1524 1480 1487 1523 
1500 1480 1524 
1525 1482 1465 
1483 1482 1525 1526 
1513 1492 1503 
1523 1487 1497 1534 
1502 1495 1494 1540 
1530 1488 1493 1558 
1489 1488 1530 1531 
1496 1490 1519 1546 1550 
1498 1491 1520 1548 1551 
1552 1465 1522 1541 
1525 1465 1552 1555 
1534 1497 1496 
1503 1502 1540 
1538 1504 1508 
1539 1505 1509 
1535 1499 1498 
1538 1508 1511 
1539 1509 1512 
1543 1510 1518 
1485 1510 1543 
1544 1501 1533 
1493 1501 1544 
1506 1485 1543 
1558 1493 1544 1562 
1549 1516 1521 
1494 1516 1549 
1567 1500 1524 1575 
1527 1500 1567 1556 
1532 1515 1542 
1534 1496 1550 1560 
1535 1498 1551 1561 
1554 1517 1514 1553 
1512 1517 1554 
1553 1514 1513 1566 
1565 1503 1540 1577 1580 
1513 1503 1565 1566 
1557 1518 1527 1556 
1543 1518 1557 
1526 1525 1555 1563 
1539 1512 1554 1582 
1524 1523 1534 1573 
1564 1529 1528 
1521 1529 1564 1569 
1594 1494 1549 1588 
1576 1494 1594 1597 
1540 1494 1576 1577 
1549 1521 1569 1587 1588 
1568 1537 1536 1572 
1542 1537 1568 
1572 1536 1526 1574 
1574 1526 1563 
1559 1528 1532 
1564 1528 1559 1584 1595 
1559 1532 1542 1584 
1573 1534 1560 
1575 1524 1573 1605 
1579 1539 1582 
1581 1544 1533 
1562 1544 1581 
1578 1541 1531 
1552 1541 1578 1596 
1583 1530 1558 
1531 1530 1583 1635 
1550 1546 1585 1589 
1551 1548 1586 1590 
1582 1554 1553 
1560 1550 1589 1591 
1561 1551 1590 1592 
1598 1543 1557 1556 
1506 1543 1598 
1583 1558 1562 1581 
1606 1533 1506 
1581 1533 1606 1607 
1555 1552 1596 1601 
1556 1567 1575 
1617 1506 1598 1663 
1606 1506 1617 1652 
1563 1555 1601 1603 1604 
1580 1577 1576 1602 1599 
1593 1565 1580 1599 
1566 1565 1593 
1569 1564 1595 1587 
1568 1572 1574 1600 
1600 1542 1568 
1613 1542 1600 
1584 1542 1613 1614 
1573 1560 1591 
1582 1553 1566 1609 
1574 1563 1604 
1598 1556 1575 1610 1605 1621 1658 1630 
1602 1576 1597 1612 
1589 1585 1570 1591 
1590 1586 1571 1592 
1600 1574 1604 1603 1644 1645 
1609 1566 1593 1633 1634 
1578 1531 1635 1651 
1608 1581 1607 1606 1652 1628 
1583 1581 1608 1632 
1579 1582 1609 1634 
1610 1575 1605 
1593 1599 1602 
1611 1588 1587 
1594 1588 1611 
1595 1584 1614 1636 
1601 1596 1578 1616 
1605 1573 1591 1570 1646 1641 1621 
1597 1594 1611 1643 1612 
1611 1587 1595 1636 1650 
1603 1601 1616 1578 1622 1644 
1593 1602 1612 1653 1664 
1655 1570 1638 1654 
1648 1570 1655 
1646 1570 1648 
1657 1571 1640 1656 
1649 1571 1657 
1647 1571 1649 
1614 1613 1600 1659 1660 
1675 1583 1632 1667 
1635 1583 1675 1676 
1669 1579 1634 1668 
1662 1579 1669 
1639 1579 1662 
1659 1600 1645 1677 
1687 1578 1651 
1622 1578 1687 1697 
1682 1593 1664 
1633 1593 1682 1668 
1678 1598 1630 
1663 1598 1678 
1636 1614 1660 1672 
1665 1612 1643 
1653 1612 1665 
1695 1611 1650 
1643 1611 1695 
1693 1608 1628 1652 1689 
1666 1608 1693 
1632 1608 1666 1667 
1668 1634 1633 
1684 1617 1663 
1652 1617 1684 1685 
1673 1641 1646 1680 
1621 1641 1673 
1674 1642 1647 1681 
1688 1621 1673 1706 
1658 1621 1688 
1678 1630 1658 1688 
1679 1636 1672 
1650 1636 1679 
1670 1638 1637 
1654 1638 1670 
1671 1640 1639 
1656 1640 1671 
1646 1648 1655 
1647 1649 1657 
1683 1644 1622 
1645 1644 1683 1686 
1651 1635 1676 1694 
1680 1646 1655 1700 
1681 1647 1657 1701 
1664 1653 1665 1690 
1689 1652 1685 
1677 1645 1686 
1665 1643 1695 
1687 1651 1694 
1660 1659 1677 1696 
1698 1637 1661 
1670 1637 1698 1654 
1699 1639 1662 
1671 1639 1699 1656 
1672 1660 1696 
1691 1655 1654 
1700 1655 1691 1714 
1692 1657 1656 
1701 1657 1692 1715 
1683 1622 1711 
1702 1669 1668 1705 
1662 1669 1702 
1705 1668 1682 1710 
1703 1664 1690 
1682 1664 1703 1710 
1689 1685 1684 
1708 1663 1678 
1684 1663 1708 1713 
1699 1662 1702 1722 
1706 1673 1680 1700 
1704 1666 1693 
1667 1666 1704 
1709 1675 1667 
1707 1675 1709 
1676 1675 1707 
1686 1683 1711 1712 
1678 1688 1706 1718 
1708 1678 1718 
1716 1654 1729 
1691 1654 1716 1714 
1717 1656 1730 
1692 1656 1717 1715 
1687 1694 1676 1720 1721 
1720 1676 1707 
1689 1684 1723 
1719 1693 1689 
1703 1690 1724 
1731 1689 1723 
1719 1689 1731 
1720 1707 1709 1726 1732 
1728 1702 1705 1727 
