3	1	33	70
4	2	157	186
5	4	143	181
6	5	141	181
7	6	155	196
8	4	181	212
8	6	181	195
9	2	163	186
10	6	195	196
10	7	196	197
10	8	195	230
11	7	165	197
14	4	186	211
14	9	186	208
15	12	81	124
16	10	197	243
16	11	173	197
17	13	29	68
18	12	80	123
19	16	173	239
20	17	60	68
20	18	60	123
21	13	68	69
21	20	68	118
22	13	26	69
23	14	208	235
24	14	211	235
24	23	235	271
25	4	211	212
25	24	211	267
26	10	243	244
26	16	239	243
27	8	212	230
27	10	230	244
27	25	212	267
28	20	118	127
28	21	69	118
29	19	194	240
30	29	223	275
31	26	239	244
32	19	239	240
32	29	240	275
32	31	239	275
34	22	69	94
34	28	69	142
35	24	267	271
36	28	127	156
38	37	146	149
39	37	145	149
40	27	244	267
41	31	244	341
41	40	244	328
42	35	267	309
43	42	267	389
44	40	267	328
44	43	267	383
45	30	187	275
46	45	187	289
47	31	275	342
48	47	275	390
49	45	275	289
49	48	275	368
50	41	328	341
50	44	328	383
51	31	341	342
51	50	341	392
52	46	204	289
53	50	392	403
53	51	342	392
55	53	426	433
56	47	342	390
56	53	342	426
56	55	390	426
57	48	368	390
57	49	289	368
58	52	261	289
59	54	261	277
59	58	261	311
60	59	277	311
61	43	383	416
61	50	383	403
63	62	296	344
64	53	403	433
65	55	390	452
66	57	390	428
66	65	390	455
67	60	272	308
68	57	289	429
69	58	289	367
69	68	289	407
70	62	295	344
70	67	295	308
71	60	308	311
71	70	308	366
72	57	428	429
72	66	428	455
72	68	429	435
73	58	311	367
74	73	311	414
75	71	311	366
75	74	311	406
76	68	407	436
76	69	367	407
77	76	367	436
78	73	367	414
78	74	414	434
78	77	367	434
79	68	435	436
79	72	435	461
79	77	436	477
80	55	433	452
80	64	433	457
80	65	452	473
81	75	366	406
82	70	366	369
82	81	366	420
83	70	344	369
83	82	369	420
84	63	343	344
84	83	344	393
85	65	455	474
86	72	455	461
86	79	461	477
86	85	455	488
87	74	406	434
87	81	406	444
88	77	434	481
88	87	434	468
90	65	473	474
90	89	473	497
91	84	343	393
92	81	420	444
92	87	444	467
93	83	420	424
93	92	420	459
94	85	474	488
94	90	474	497
95	89	497	500
95	94	497	514
96	91	359	402
97	96	359	419
98	83	393	424
98	91	393	402
99	87	467	468
99	92	459	467
100	86	477	488
101	77	477	481
101	100	477	499
102	93	424	460
102	98	424	442
103	96	402	447
103	98	402	442
103	102	442	471
104	88	468	486
104	99	468	490
105	93	459	460
105	99	459	490
108	107	372	418
109	97	331	419
110	109	331	454
111	107	365	418
111	110	331	418
112	95	521	532
112	106	521	551
113	108	404	445
114	100	488	499
114	101	499	505
115	94	488	514
116	114	488	519
116	115	488	531
117	88	481	486
117	101	481	498
118	102	460	471
118	105	460	491
119	109	454	458
120	119	454	489
121	110	418	454
121	120	454	485
122	96	419	447
122	103	447	472
122	109	419	458
123	103	471	472
123	118	471	496
125	121	418	485
126	108	418	445
126	125	418	475
128	119	458	489
128	120	489	501
128	122	458	472
130	106	548	551
130	124	548	555
131	101	498	505
131	114	505	519
132	117	486	498
132	131	498	515
133	104	486	490
133	132	486	513
134	113	445	451
134	126	445	476
135	125	475	485
135	126	475	476
136	123	472	496
137	128	472	506
137	136	472	518
138	116	519	531
139	131	515	519
139	138	519	550
140	120	485	502
140	135	485	503
141	134	451	487
142	95	514	533
142	115	514	530
143	105	490	491
143	118	491	496
144	127	446	469
144	141	446	487
145	127	466	470
146	132	513	515
146	139	515	542
147	133	490	513
147	146	513	536
148	134	476	487
148	135	476	504
149	147	490	537
150	143	490	509
150	149	490	534
151	127	469	470
151	144	469	493
152	112	532	551
152	130	551	571
153	115	530	531
153	138	531	553
154	142	530	533
154	153	530	553
155	95	532	533
155	154	533	558
156	152	532	573
156	155	532	557
157	143	496	509
158	136	496	518
158	157	496	541
160	154	558	560
160	155	557	558
161	138	550	556
162	139	542	550
162	161	550	565
163	148	487	504
164	163	487	517
165	144	487	493
165	164	487	523
166	120	501	502
166	140	502	503
167	138	553	556
167	154	553	560
167	160	560	574
167	161	556	574
168	146	542	543
168	162	542	565
169	146	536	543
169	147	536	537
170	150	509	534
170	157	509	541
171	168	543	565
171	169	537	543
172	159	480	484
173	172	480	508
174	166	503	522
175	135	503	504
175	174	503	520
176	149	534	537
176	171	537	572
177	170	534	541
177	176	534	568
178	145	470	483
179	129	483	492
179	178	483	507
180	156	557	573
180	160	557	583
181	158	518	547
182	137	506	518
182	181	518	522
183	151	470	493
183	165	493	511
185	172	484	516
185	184	484	510
186	128	501	506
186	166	501	522
186	182	506	522
188	187	570	617
189	130	570	571
189	188	570	592
190	178	470	507
190	183	470	512
191	174	520	540
191	175	504	520
192	163	504	517
192	164	517	529
192	191	504	545
193	152	571	573
193	189	571	592
194	176	568	575
194	177	541	568
195	194	541	589
196	195	541	582
197	158	541	547
197	181	547	561
197	196	541	564
198	171	565	572
198	176	572	575
199	161	565	585
200	199	565	606
201	198	565	575
201	200	565	607
202	179	492	507
203	165	511	524
203	183	511	512
204	184	495	510
204	185	510	525
204	202	495	507
205	180	573	594
205	193	573	593
206	193	592	593
206	205	593	594
207	160	574	583
207	161	574	598
208	172	508	516
209	207	598	605
210	161	585	598
210	199	585	606
210	209	598	625
211	206	592	594
212	180	583	594
212	207	583	605
212	211	594	618
213	190	507	512
213	203	512	544
214	181	522	561
214	197	561	564
215	188	592	617
216	211	592	618
216	215	592	644
217	164	523	529
217	165	523	524
218	195	582	597
218	196	564	582
218	214	522	564
219	203	524	544
219	213	544	552
221	187	617	627
221	215	617	644
221	220	627	658
222	192	529	546
222	217	524	529
223	222	524	546
224	223	524	584
225	219	524	562
225	224	524	578
226	191	540	545
227	192	545	546
227	226	545	563
228	174	522	540
229	226	540	563
229	228	540	559
230	223	546	584
230	227	546	563
231	204	507	525
232	185	525	526
232	231	525	554
233	185	516	526
233	208	516	527
233	232	526	549
234	229	563	576
234	230	563	586
235	201	575	607
236	194	575	589
236	235	575	609
237	213	507	552
237	219	552	562
239	237	507	590
240	239	507	591
241	231	507	554
241	232	549	554
241	240	507	580
242	233	527	549
243	221	644	664
244	216	644	661
244	243	644	682
245	195	589	597
246	218	522	597
246	245	597	620
247	246	522	633
248	247	522	631
249	248	522	630
250	249	522	602
251	228	522	559
251	229	559	576
251	250	522	576
252	220	642	658
252	221	658	664
253	235	609	621
253	236	589	609
254	245	589	620
254	253	589	641
255	200	607	623
256	255	607	647
257	235	607	621
257	253	621	640
257	256	607	653
258	225	562	579
258	238	566	577
259	237	577	590
259	258	577	579
260	243	664	682
260	252	664	685
261	242	528	549
262	241	549	581
263	261	549	569
263	262	549	587
264	249	602	624
264	250	576	602
265	234	576	586
265	264	576	610
266	212	618	619
267	200	606	623
267	210	606	626
268	253	640	641
268	257	640	653
269	216	618	662
269	266	618	649
270	254	620	641
270	268	641	654
271	240	580	591
272	241	580	581
272	271	580	599
273	239	590	591
273	271	591	614
274	216	661	662
274	269	662	672
276	224	578	584
276	275	584	603
277	256	653	677
277	268	653	678
278	266	637	645
279	210	625	626
279	278	625	645
280	262	581	587
280	263	587	588
280	272	581	599
281	246	620	632
281	270	620	654
282	267	623	626
283	255	623	647
283	256	647	671
283	282	623	670
284	244	661	682
284	274	661	698
285	263	569	588
285	280	588	600
286	248	630	631
286	249	624	630
287	279	626	645
287	282	626	669
288	274	672	698
288	284	698	704
289	259	590	601
289	273	590	612
290	288	672	716
291	290	672	714
292	225	578	579
292	276	578	595
293	276	595	603
293	292	579	595
294	285	600	608
295	293	579	613
296	259	579	601
296	289	601	612
296	295	579	635
297	265	586	611
298	246	632	633
298	247	631	633
298	256	671	677
298	260	682	705
298	264	610	624
298	266	645	673
298	268	654	678
298	273	612	614
298	280	599	600
298	281	632	654
298	282	669	670
298	283	670	671
298	284	682	704
298	287	645	669
298	288	704	716
298	290	714	716
298	293	603	613
298	295	613	635
298	296	612	635
299	271	599	622
300	280	599	600
300	294	600	634
300	299	599	634
301	260	682	705
302	284	682	704
302	288	704	716
302	301	682	728
303	286	624	655
303	298	624	655
304	264	610	624
304	298	610	624
304	303	624	646
305	246	632	633
305	247	631	633
306	275	603	629
306	293	603	613
307	266	645	673
307	287	645	669
308	305	631	663
309	286	631	655
309	298	631	655
309	308	631	681
310	295	613	635
310	306	613	629
311	271	614	622
311	298	614	622
312	271	614	622
312	298	614	622
313	296	612	635
313	298	612	635
313	310	635	656
314	291	673	706
314	307	669	673
315	298	622	634
315	299	622	634
315	311	622	680
316	303	646	667
316	304	610	646
317	265	610	611
317	297	611	636
317	316	610	643
318	315	634	675
319	294	616	634
319	298	616	634
319	318	634	660
320	311	652	680
320	313	651	657
321	282	669	670
321	283	670	671
322	316	643	668
322	317	636	643
323	322	636	665
324	256	671	677
324	298	671	677
324	321	671	701
325	275	628	629
325	298	628	629
326	281	632	654
326	298	632	654
326	305	632	663
326	308	663	687
327	325	629	648
328	310	629	656
328	327	629	674
329	301	705	727
330	303	655	667
330	309	655	681
331	313	656	657
332	320	657	688
332	331	657	686
333	323	639	665
333	325	639	648
334	298	669	706
334	314	669	706
335	334	669	733
336	321	669	701
336	335	669	720
337	324	701	703
337	336	701	720
338	291	706	715
338	298	706	715
338	334	706	732
339	328	656	689
339	331	656	686
340	277	677	694
340	298	677	694
340	324	677	703
341	319	616	660
342	341	616	683
343	342	616	666
344	333	648	665
345	277	694	695
346	268	654	678
346	277	678	695
346	345	654	695
347	308	687	691
347	326	654	687
348	308	681	691
348	330	681	692
349	337	703	720
349	340	694	703
350	298	654	694
350	345	654	694
350	349	694	731
351	334	732	733
351	338	732	735
352	327	648	674
352	344	648	699
353	298	659	684
353	342	666	683
353	343	659	666
354	344	697	699
354	352	674	699
355	320	680	688
355	332	688	702
356	335	733	741
356	351	733	754
357	318	660	675
357	341	660	690
358	302	716	728
359	290	714	716
359	298	714	716
359	358	716	740
360	332	686	702
360	339	686	708
360	355	702	717
361	328	674	689
361	339	689	708
361	354	674	708
362	298	684	710
362	353	683	684
363	315	675	680
364	357	675	690
364	363	675	711
365	350	654	748
366	365	654	763
367	366	654	782
368	367	654	772
369	347	654	712
369	368	654	729
370	301	727	728
371	341	683	690
371	364	690	722
372	347	691	712
372	348	691	707
372	369	712	729
373	291	714	715
373	298	714	715
373	338	715	735
373	359	714	740
374	358	740	760
375	373	735	740
375	374	740	766
376	316	667	668
376	330	667	693
377	362	683	724
377	371	683	723
378	358	728	759
378	370	728	758
379	363	680	711
379	364	711	726
380	355	680	718
381	379	680	734
381	380	680	738
383	354	697	719
383	382	697	709
385	382	696	709
385	383	709	725
385	384	696	721
386	349	720	731
386	350	731	747
387	376	693	700
387	384	700	721
388	335	720	741
388	356	741	764
389	386	720	762
389	388	720	768
390	330	692	693
390	387	693	721
391	351	735	754
391	375	735	767
392	348	692	707
392	390	692	721
393	368	729	773
394	372	729	730
394	393	729	756
395	378	758	759
396	372	707	730
396	392	707	721
397	298	766	787
397	358	759	760
397	374	760	766
397	395	759	787
398	365	748	763
398	366	763	782
399	350	747	748
399	398	748	779
400	394	730	756
400	396	721	730
401	371	722	723
402	377	723	724
402	401	723	742
403	389	762	768
404	403	762	797
405	386	747	762
405	404	762	790
406	402	724	752
407	362	710	724
407	406	724	751
408	404	790	814
408	405	747	790
409	399	747	779
409	408	747	807
410	388	764	768
410	403	768	797
411	298	710	739
411	407	710	751
412	356	754	764
412	410	764	786
413	400	721	776
414	413	721	809
415	414	721	795
416	415	721	778
417	385	721	725
417	416	721	755
418	393	756	773
418	400	756	776
418	413	776	800
419	364	722	726
419	401	722	742
420	355	717	718
420	360	708	717
421	380	718	737
421	420	718	743
422	404	797	813
422	410	786	797
423	298	739	780
423	406	751	777
423	411	739	751
424	379	726	734
424	381	734	750
424	419	726	753
425	408	807	832
425	409	779	807
426	398	779	782
426	425	779	811
427	402	742	752
427	406	752	775
427	419	742	753
428	380	737	738
428	381	738	749
429	298	766	792
429	375	766	767
429	391	754	767
430	367	782	791
430	426	782	811
431	421	737	743
431	428	737	749
432	412	754	786
432	422	786	817
433	383	719	725
433	417	725	744
434	404	813	814
434	408	814	831
434	422	813	824
435	429	766	792
436	354	708	719
436	433	719	745
437	298	792	834
437	429	754	792
438	298	834	859
438	437	754	834
439	438	754	854
440	432	754	817
440	439	754	841
441	417	744	755
442	433	744	745
442	436	745	746
442	441	744	769
443	416	755	778
443	441	755	769
444	381	749	750
444	424	750	761
445	367	772	791
446	368	772	773
446	418	773	799
446	445	772	804
447	436	708	746
447	442	746	770
448	447	708	771
449	448	708	789
450	449	708	816
451	450	708	801
452	420	708	743
452	451	708	774
453	431	749	784
453	444	749	781
454	424	753	761
454	444	761	781
455	415	778	795
455	443	778	802
456	454	753	781
457	427	753	775
457	456	753	803
458	414	795	809
458	455	795	819
459	408	831	832
459	434	831	845
460	442	769	770
461	460	770	796
462	447	770	771
462	448	771	788
462	461	770	788
463	443	769	802
463	460	769	796
464	425	811	832
464	459	832	856
465	413	800	808
465	418	799	800
466	461	796	820
466	463	796	802
467	406	775	777
467	457	775	803
468	430	791	811
468	464	811	839
469	422	817	824
469	440	817	842
470	445	804	827
470	446	799	804
470	465	799	823
471	453	781	784
472	456	781	812
472	471	781	825
473	448	788	789
473	461	788	818
474	439	841	854
474	440	841	842
474	469	842	851
475	434	824	845
475	469	824	851
476	298	859	887
476	438	854	859
477	423	739	780
478	455	802	819
478	466	802	838
479	449	789	816
479	473	789	818
480	471	784	825
481	474	851	872
481	475	851	874
484	474	854	872
484	476	854	885
485	445	791	826
485	468	791	839
486	479	816	844
487	450	801	816
487	486	816	858
488	466	838	843
489	465	808	823
490	413	808	809
490	458	809	837
490	489	808	837
491	461	818	820
491	466	820	843
491	479	818	844
492	459	845	856
492	475	845	873
493	486	858	879
493	487	801	858
494	493	801	883
495	483	801	846
495	494	801	863
496	472	812	825
496	480	825	849
497	423	777	780
497	467	777	805
498	456	803	812
499	467	803	805
499	498	803	836
500	480	822	849
500	483	822	846
500	495	846	863
501	488	843	877
501	491	843	852
502	486	844	878
502	491	844	852
502	501	852	877
503	470	823	827
503	489	823	847
504	496	812	862
504	498	812	836
505	464	839	856
506	485	839	848
506	505	839	871
507	494	863	883
507	500	849	863
508	445	826	827
508	485	826	848
509	503	827	867
509	508	827	848
510	489	837	847
510	503	847	868
511	497	780	806
512	298	780	798
512	511	780	833
513	475	874	875
513	481	874	884
514	505	871	891
515	506	848	871
515	514	871	897
516	298	887	908
516	476	885	887
516	484	885	886
517	475	873	875
517	492	856	873
518	514	897	911
518	515	848	897
519	518	848	928
520	509	848	867
520	519	848	918
521	484	872	886
522	481	872	884
522	521	872	901
523	504	836	869
524	499	805	836
524	523	836	860
525	524	805	860
526	497	805	806
526	511	806	835
526	525	805	835
527	513	875	884
527	517	875	896
528	298	930	931
528	516	886	909
528	521	886	901
529	488	876	877
530	502	877	878
530	529	877	895
531	486	878	879
531	493	879	888
532	522	884	901
532	528	901	927
533	512	798	828
534	517	856	896
535	505	856	891
535	534	856	914
536	493	883	888
536	531	888	899
537	507	883	892
537	536	883	907
538	527	884	920
538	532	884	925
539	503	867	868
539	510	868	870
540	530	878	910
540	531	878	898
541	507	849	892
542	541	849	894
543	496	849	862
543	504	862	869
543	542	849	889
544	298	794	810
544	533	794	830
545	298	908	930
545	516	908	909
545	528	909	930
546	520	867	912
546	539	867	870
547	525	835	861
548	511	833	835
548	547	835	855
549	510	864	870
550	510	864	870
551	527	896	921
551	534	896	914
552	520	912	918
552	546	870	912
553	544	810	830
554	514	891	911
554	518	911	929
554	535	891	915
555	535	914	915
555	551	914	935
556	550	865	870
557	488	865	876
557	556	865	900
558	298	857	880
558	548	833	855
559	298	850	857
559	512	828	833
559	558	833	857
560	298	829	850
560	533	828	829
560	559	828	850
561	298	829	853
561	533	829	830
561	553	830	853
562	552	870	940
563	562	870	957
564	563	870	961
565	556	870	900
565	564	870	943
566	557	876	900
566	565	900	926
567	529	876	895
567	566	876	919
568	554	915	929
568	555	915	936
569	519	918	928
569	552	918	940
570	531	898	899
570	536	899	907
570	540	898	913
571	532	925	927
571	538	920	925
572	571	920	946
573	527	920	921
573	551	921	939
573	572	920	939
574	543	869	889
575	523	869	882
575	574	869	902
576	298	931	946
576	528	927	931
576	571	927	946
577	523	860	882
577	575	882	905
578	525	860	861
578	577	860	890
579	547	855	861
579	558	855	881
579	578	861	890
580	530	895	910
580	567	895	919
581	542	889	894
581	574	889	902
582	577	890	906
582	579	890	893
583	565	926	943
583	566	919	926
583	580	919	937
584	518	928	929
584	568	929	949
585	541	892	894
585	581	894	916
586	540	910	913
586	580	910	938
587	572	939	966
588	551	935	939
588	587	939	948
589	584	928	953
590	569	928	940
590	589	928	963
591	555	935	936
591	568	936	948
591	588	935	948
592	575	902	905
592	581	902	923
593	537	892	907
593	585	892	916
594	570	907	913
594	586	913	941
595	558	880	881
595	579	881	893
596	590	940	963
597	562	940	956
597	596	940	974
598	582	893	917
598	595	893	903
599	583	937	943
600	580	937	938
600	599	937	962
601	600	938	962
602	577	905	906
602	582	906	917
603	563	957	961
604	564	943	961
604	603	961	984
605	562	956	957
605	597	956	975
605	603	957	975
607	593	907	916
608	604	943	984
609	599	943	972
609	608	943	986
610	587	948	981
611	568	948	949
611	610	948	967
612	592	905	924
612	602	905	932
614	584	949	953
614	589	953	963
614	592	923	924
614	597	974	975
614	598	903	917
614	601	954	962
614	606	955	959
614	608	984	986
614	609	972	986
614	610	967	981
614	612	924	932
614	613	945	959
615	581	916	922
615	607	916	942
616	601	954	962
617	589	953	963
617	596	963	983
618	584	949	953
618	614	949	953
618	617	953	976
619	611	949	968
619	614	949	968
619	618	949	971
620	587	980	981
620	610	967	981
621	298	966	991
621	587	966	980
621	620	980	995
622	298	934	947
622	602	917	933
623	298	903	934
623	598	903	917
623	622	917	934
624	621	991	995
625	620	995	1000
625	624	995	1010
626	624	1009	1010
626	625	1010	1011
627	603	984	990
627	608	984	986
628	611	967	968
628	614	967	968
628	619	968	971
629	609	972	986
629	614	972	986
629	627	986	1001
630	298	947	960
630	602	932	933
630	622	933	947
631	599	962	973
631	614	962	973
632	616	962	970
632	631	962	985
633	628	967	971
634	617	976	987
634	618	971	976
634	633	971	996
635	592	923	924
635	614	923	924
636	612	924	932
636	614	924	932
636	635	924	944
637	626	1009	1027
638	620	967	1000
639	633	967	1008
639	638	967	1013
640	581	922	923
640	614	922	923
640	635	923	944
641	298	960	964
641	630	932	960
641	636	932	958
642	614	922	942
642	615	922	942
642	640	922	951
643	597	974	975
643	614	974	975
644	603	975	989
644	614	975	989
644	643	975	993
645	613	945	978
646	607	942	945
646	614	942	945
646	645	945	969
647	642	942	951
647	646	942	969
648	596	974	983
648	614	974	983
648	617	983	988
649	625	1000	1011
649	626	1011	1027
649	638	1000	1013
650	627	990	1001
650	629	1001	1005
651	643	974	993
651	648	974	997
652	629	972	1005
652	650	1005	1020
653	652	972	1014
654	599	972	973
654	614	972	973
654	631	973	985
654	653	972	999
655	636	944	958
655	640	944	952
656	645	969	978
656	647	969	979
657	623	903	934
658	603	989	990
658	614	989	990
659	650	990	1019
659	658	990	1006
660	639	1013	1026
660	649	1013	1029
661	640	951	952
661	647	951	979
661	655	952	958
662	644	989	993
662	658	989	1006
662	659	1006	1018
663	648	997	998
663	651	993	997
664	632	985	992
664	654	985	999
665	662	993	1017
665	663	993	1012
666	637	1027	1043
666	649	1027	1029
667	660	1029	1040
667	666	1029	1043
668	632	970	992
669	613	977	978
670	656	978	979
670	669	978	994
671	633	996	1008
672	634	987	996
672	671	996	998
673	617	987	988
673	648	988	998
673	672	987	998
674	661	958	979
675	298	964	982
675	614	964	982
675	641	958	964
675	674	958	982
676	652	1014	1022
676	653	999	1014
677	639	1008	1026
677	660	1026	1041
677	671	1008	1030
678	664	992	999
678	676	999	1015
679	671	998	1030
680	663	998	1012
680	679	998	1028
681	298	982	1002
681	614	982	1002
681	674	979	982
682	662	1017	1018
683	659	1018	1019
683	682	1018	1035
684	650	1019	1020
684	683	1019	1036
685	665	1012	1017
685	682	1017	1038
686	668	977	992
687	669	977	994
687	670	994	1003
687	686	977	1007
688	652	1020	1022
688	684	1020	1037
689	670	979	1003
690	298	1032	1039
690	614	1032	1039
690	689	979	1021
691	298	1023	1032
691	614	1023	1032
691	690	979	1032
692	298	1002	1023
692	614	1002	1023
692	681	979	1002
692	691	979	1023
693	678	992	1016
694	660	1040	1041
694	667	1040	1048
694	677	1041	1044
695	677	1030	1045
696	679	1028	1030
696	695	1030	1047
697	682	1035	1038
697	683	1035	1036
698	680	1012	1028
698	685	1012	1034
699	298	1043	1066
699	614	1043	1066
700	667	1043	1048
700	699	1043	1058
701	676	1015	1022
702	678	1015	1016
702	693	1016	1024
702	701	1015	1031
703	687	1003	1007
703	689	1003	1021
704	684	1036	1037
704	697	1036	1052
705	688	1022	1037
705	704	1037	1053
706	701	1022	1031
706	705	1022	1053
707	685	1034	1038
707	697	1038	1051
708	698	1028	1033
709	698	1033	1034
709	707	1034	1054
709	708	1033	1046
710	704	1052	1053
710	706	1053	1063
711	696	1028	1047
711	708	1028	1046
712	694	1044	1048
712	700	1048	1058
713	702	1024	1031
713	703	1025	1031
714	709	1046	1054
714	711	1046	1047
715	703	1021	1031
716	298	1056	1061
716	614	1056	1061
716	715	1021	1050
717	298	1039	1056
717	614	1039	1056
717	690	1021	1039
717	716	1021	1056
718	695	1047	1057
719	714	1047	1054
719	718	1047	1069
720	677	1044	1045
720	695	1045	1057
721	697	1051	1052
721	707	1051	1055
722	699	1058	1067
722	712	1058	1059
723	721	1052	1064
724	710	1052	1065
724	723	1052	1074
725	712	1044	1059
725	720	1044	1057
726	690	1032	1039
727	718	1057	1068
727	725	1057	1076
728	298	1066	1080
728	614	1066	1080
728	699	1066	1067
729	706	1031	1063
730	729	1031	1081
731	730	1031	1103
732	731	1031	1118
733	732	1031	1109
734	733	1031	1084
735	722	1059	1067
735	728	1067	1082
736	719	1054	1070
737	736	1054	1072
738	707	1054	1055
738	737	1054	1062
739	721	1055	1064
739	738	1055	1062
740	710	1063	1065
740	724	1065	1074
740	729	1063	1081
741	737	1062	1072
741	739	1062	1077
742	718	1068	1069
742	719	1069	1070
743	742	1068	1070
744	736	1070	1072
744	743	1070	1085
745	725	1059	1076
745	735	1059	1082
746	741	1072	1077
746	744	1072	1085
747	733	1084	1093
747	734	1073	1084
748	739	1064	1077
749	723	1064	1074
749	748	1064	1087
750	298	1061	1071
750	614	1061	1071
750	716	1060	1061
750	747	1060	1075
751	727	1068	1079
751	743	1068	1089
752	743	1085	1092
752	746	1085	1104
753	298	1080	1090
753	614	1080	1090
753	728	1080	1082
754	747	1075	1088
754	750	1071	1075
755	746	1077	1104
755	748	1077	1097
756	298	1071	1078
756	614	1071	1078
756	754	1071	1086
757	745	1076	1091
758	727	1076	1079
758	757	1076	1094
759	743	1089	1092
759	751	1079	1089
759	758	1079	1094
760	752	1092	1104
760	759	1092	1108
761	740	1081	1083
762	730	1081	1103
762	761	1081	1102
763	298	1090	1122
763	614	1090	1122
763	753	1082	1090
764	763	1082	1122
765	745	1082	1091
765	757	1091	1112
765	764	1082	1117
768	298	1090	1110
768	614	1090	1110
769	298	1090	1122
769	614	1090	1122
769	763	1090	1122
769	768	1090	1130
770	757	1094	1113
770	759	1094	1108
771	766	1106	1133
771	767	1100	1106
772	760	1108	1127
772	770	1108	1113
773	760	1104	1127
774	773	1104	1143
775	755	1097	1104
775	774	1104	1137
776	740	1074	1083
776	749	1074	1087
777	298	1102	1115
777	614	1102	1115
777	761	1083	1102
777	776	1083	1087
778	298	1078	1095
778	614	1078	1095
778	756	1078	1086
779	298	1103	1136
779	614	1103	1136
779	731	1103	1118
780	747	1088	1093
780	754	1086	1088
780	778	1086	1105
781	757	1112	1113
782	772	1113	1135
782	781	1113	1129
783	733	1093	1109
783	780	1093	1105
784	298	1110	1119
784	614	1110	1119
784	766	1119	1134
784	768	1110	1130
785	748	1087	1097
786	298	1115	1120
786	614	1115	1120
786	777	1087	1115
786	785	1087	1120
787	298	1136	1155
787	614	1136	1155
787	779	1118	1136
788	732	1118	1125
788	787	1118	1141
789	765	1112	1117
789	781	1112	1129
790	772	1127	1135
790	773	1127	1143
790	782	1135	1145
791	298	1120	1139
791	614	1120	1139
791	785	1097	1120
792	764	1117	1122
792	789	1117	1129
793	732	1109	1126
793	783	1109	1123
794	298	1139	1147
794	614	1139	1147
794	774	1137	1147
794	775	1097	1137
794	791	1097	1139
795	298	1152	1159
795	614	1152	1159
795	782	1129	1145
795	792	1129	1152
797	298	1122	1146
797	614	1122	1146
797	769	1122	1130
798	298	1146	1149
798	614	1146	1149
798	784	1130	1138
798	797	1130	1146
799	732	1125	1126
799	793	1123	1126
800	766	1133	1134
800	784	1134	1138
801	778	1095	1111
801	796	1095	1114
802	783	1105	1124
803	778	1105	1111
803	802	1105	1131
804	798	1138	1149
804	800	1138	1150
805	788	1125	1141
805	799	1123	1125
806	298	1140	1162
806	614	1140	1162
807	771	1133	1140
807	806	1140	1153
808	298	1128	1142
808	614	1128	1142
808	801	1111	1128
808	803	1111	1131
809	298	1160	1168
809	614	1160	1168
809	787	1141	1156
809	805	1141	1160
810	807	1133	1153
811	298	1167	1169
811	614	1167	1169
811	800	1133	1150
811	804	1150	1169
811	810	1133	1167
812	298	1147	1163
812	614	1147	1163
812	774	1147	1148
813	787	1155	1156
813	809	1156	1168
814	806	1153	1162
814	810	1153	1167
815	298	1154	1165
815	614	1154	1165
815	790	1143	1154
816	298	1165	1166
816	614	1165	1166
816	774	1143	1148
816	815	1143	1165
817	792	1151	1152
818	298	1154	1159
818	614	1154	1159
818	790	1145	1154
818	795	1145	1159
819	783	1123	1124
819	802	1124	1131
820	298	1123	1164
820	614	1123	1164
820	819	1123	1144
821	298	1158	1164
821	614	1158	1164
821	819	1131	1144
821	820	1144	1164
822	808	1131	1142
822	821	1131	1158
823	812	1148	1163
823	816	1148	1166
824	822	1157	1158
