377 363 822 841 
859 871 854 857 
862 837 
746 747 777 792 773 759 
741 740 656 677 576 573 
376 400 388 389 337 379 310 334 288 300 284 283 292 277 
274 272 255 274 192 158 
152 169 153 152 127 147 104 95 68 54 377 363 822 841 
859 871 854 857 
862 837 
746 747 777 792 773 759 
741 740 656 677 576 573 
376 400 388 389 337 379 310 334 288 300 284 283 292 277 
274 272 255 274 192 158 
152 169 153 152 127 147 104 95 68 54 377 363 822 841 
859 871 854 857 
862 837 
746 747 777 792 773 759 
741 740 656 677 576 573 
376 400 388 389 337 379 310 334 288 300 284 283 292 277 
274 272 255 274 192 158 
152 169 153 152 127 147 104 95 68 54 377 363 822 841 
859 871 854 857 
862 837 
746 747 777 792 773 759 
741 740 656 677 576 573 
376 400 388 389 337 379 310 334 288 300 284 283 292 277 
274 272 255 274 192 158 
152 169 153 152 127 147 104 95 68 54 14 949 
14 1209 
473 14 12 1260 
5 22 
5 1209 
22 1209 
494 22 1 1165 
44 33 2 957 
1273 21 512 47 18 1273 
11 1192 
527 67 16 952 
16 1046 
62 79 
24 1347 
6 952 
3 1046 
548 79 10 985 
10 1325 
8 1325 
8 1370 
13 1370 
971 13 
17 1330 
1124 15 123 592 
123 572 
9 1124 
9 1110 
4 1435 
7 36 
471 1465 
147 629 
147 614 
470 1432 
464 1587 
165 645 
475 1565 
475 1635 
466 1523 
466 1701 
477 1635 
478 480 488 478 468 1796 
663 205 479 1862 
467 489 
1780 467 484 1862 
484 1805 
469 1756 
482 1780 
715 226 481 474 465 1791 
465 1545 
237 251 
500 481 472 1573 
472 1455 
473 1607 
259 299 
736 273 606 590 
299 302 
322 338 
322 774 
796 338 336 353 
836 368 374 387 398 875 
836 398 895 435 1035 1841 
1752 1150 1008 929 
1752 1008 929 1292 
1408 1292 1216 1067 
1067 1218 
1739 1067 1218 1561 
1344 1816 
1238 1221 
1221 930 
1837 1395 1258 1082 
1258 1442 
1530 1082 1074 961 
1530 996 1312 1170 1389 1719 
1327 1029 
1719 1029 1595 1627 
1438 1001 1808 1148 1091 1206 
1206 1027 
1 2 
5 4 
124 102 84 101 
96 117 
98 73 101 95 105 87 111 98 130 117 170 171 118 123 
169 222 
163 133 161 162 
185 200 
189 174 153 197 
176 163 152 144 209 263 
196 188 
162 194 
215 188 123 143 
66 78 
173 152 197 226 
109 122 182 145 235 193 219 222 
236 219 222 236 
104 93 194 238 
212 194 263 280 
283 263 213 182 172 143 220 244 
189 191 
189 236 
221 189 109 105 
207 236 
198 225 
239 198 226 236 
173 183 212 213 
236 212 187 233 
227 187 262 250 213 192 236 253 191 266 
200 191 235 234 255 237 92 104 268 235 284 236 
284 283 
272 225 213 249 
232 302 
131 92 
131 134 
244 279 
125 105 
236 233 97 105 271 245 172 178 329 283 297 221 211 199 224 211 
239 224 256 236 
255 256 275 310 
275 278 
275 236 
227 258 
227 259 
296 269 121 134 258 257 
236 258 236 249 311 268 242 276 
265 239 293 280 266 243 218 260 
218 230 
218 236 
274 273 
274 320 
274 236 
264 257 
264 300 
264 236 
294 272 282 271 
282 236 
205 204 
211 205 236 204 236 257 315 270 276 267 346 316 211 240 
273 240 236 273 259 289 
259 260 
236 259 309 308 276 354 
276 294 
339 276 285 336 
285 302 
318 278 311 310 315 345 
236 254 342 330 
381 380 
298 309 
565 535 331 295 
151 181 
291 299 
291 292 
297 332 326 293 311 305 297 236 
297 323 366 297 281 230 340 309 339 338 371 339 378 311 330 236 
380 330 318 336 
292 328 
121 106 236 281 
236 611 
236 652 
236 599 
236 418 
236 565 
530 236 350 336 260 281 314 286 326 317 304 303 373 333 289 353 
321 314 322 321 
304 352 
354 343 360 321 371 354 
97 78 530 412 
529 530 358 345 368 326 380 370 384 378 403 384 
412 403 392 351 418 380 344 372 
382 355 372 366 400 399 460 418 400 423 
348 405 
348 368 
411 383 
389 390 
422 389 396 395 
565 576 
599 565 417 383 386 401 
405 446 
433 372 406 439 
404 406 373 416 
391 361 444 417 402 367 385 397 422 390 395 430 
412 382 419 455 
363 362 
404 424 
368 446 
377 430 
384 377 434 384 529 576 445 412 
412 392 362 393 
385 426 
385 435 
420 402 433 412 
387 412 
520 475 429 448 
412 429 444 474 
611 599 420 483 
412 393 486 480 412 421 412 388 412 471 440 439 
451 474 
452 440 431 453 
412 431 452 422 443 412 
412 410 434 450 
415 416 
415 449 
593 529 467 398 456 430 497 469 409 426 425 409 437 439 481 519 
481 483 474 482 
532 474 558 512 557 532 519 482 561 558 441 412 
441 534 
506 441 454 493 
454 412 
454 459 
435 436 
412 435 412 457 665 652 447 448 412 447 458 427 432 450 622 611 695 412 
416 463 
473 505 
473 472 563 562 
465 494 
665 622 412 432 
412 438 412 306 412 887 
491 432 467 476 490 526 
562 600 
665 677 
694 665 597 596 461 493 
694 750 
733 732 534 598 
521 491 578 626 
526 541 
507 493 504 525 
550 504 495 538 
495 494 
494 503 523 522 604 579 605 595 618 527 542 494 633 677 
677 659 
604 594 643 605 626 642 547 521 626 680 
769 733 539 537 559 538 550 553 588 550 528 545 
587 586 574 539 701 659 640 624 644 604 803 769 546 590 
662 658 803 804 545 571 
554 564 
722 721 
674 643 547 548 640 623 701 700 580 544 640 641 715 764 
575 630 
1588 80 644 653 572 636 
588 572 547 564 
681 644 635 588 833 803 833 846 631 673 
686 631 676 680 
617 689 
670 651 682 680 682 705 634 635 574 580 614 574 1128 1127 
922 887 638 612 724 681 667 634 724 711 610 609 
610 647 
729 689 686 687 
736 686 717 756 
716 757 
716 791 
614 609 744 687 684 667 696 654 724 744 668 703 
794 724 731 692 675 647 756 792 
708 743 
729 708 802 757 777 737 707 675 886 875 685 655 679 723 
671 672 729 788 
731 728 888 853 735 703 785 792 
719 707 697 671 771 735 860 819 802 822 719 720 746 713 781 772 831 839 
817 816 
723 752 771 762 
697 745 
865 864 
859 839 797 762 760 761 738 746 
863 879 
799 746 816 849 
815 816 861 858 796 798 891 861 859 879 832 776 800 799 
836 867 
851 797 837 843 
850 849 835 805 934 859 891 890 
926 891 844 832 924 954 
867 866 870 874 
882 845 889 890 878 867 
881 872 902 867 915 912 
835 914 
889 935 
947 902 945 926 917 880 960 916 911 882 912 911 
951 912 942 941 918 911 944 901 935 936 998 960 896 897 944 943 980 944 951 957 977 961 955 989 
986 1022 
1007 989 975 1013 
1021 985 978 977 
994 1020 1009 996 1038 1007 1035 1045 1019 1021 1016 976 1013 1085 
1082 1064 1017 1060 
1055 1046 1043 1042 
1081 1087 1037 1079 
1074 1075 
1052 1042 1070 1071 1086 1052 1117 1076 1082 1075 1069 1085 
1031 1100 
1097 1031 1070 1060 
1119 1068 1102 1118 
1088 1053 1119 1085 1097 1060 1176 1141 1110 1101 1073 1169 
1108 1097 1117 1107 1177 1153 1202 1110 1100 1132 
1082 1145 
1179 1117 1173 1139 1112 1111 1195 1146 1112 1144 
1176 1203 
1198 1177 1169 1206 
1160 1174 
1183 1140 1134 1108 1198 1156 1183 1179 1142 1114 1151 1144 1131 1121 1151 1147 1173 1180 1166 1161 1188 1151 1150 1142 1220 1183 1195 1202 1131 1132 1174 1205 
1174 1230 
1136 1163 
1207 1222 
1207 1258 
1124 1159 
1217 1173 1214 1203 1198 1214 1155 1135 1149 1182 
1154 1149 1131 1137 1230 1221 1201 1154 1194 1125 1181 1218 
1185 1181 1210 1188 1222 1257 
1189 1159 1175 1131 1210 1178 1230 1205 1182 1150 1220 1217 1191 1155 1195 1255 
1235 1236 1266 1230 1175 1165 1208 1245 
1254 1218 1232 1200 1262 1258 1252 1282 
1263 1215 1263 1238 1260 1247 1231 1199 1276 1304 
1189 1190 
1187 1239 
1210 1187 1280 1248 1201 1193 1235 1282 1286 1257 1191 1223 
1235 1255 1175 1190 1220 1260 
1220 1268 
1244 1194 1234 1268 1213 1263 
1280 1260 1272 1226 1286 1285 1290 1286 1237 1201 1306 1305 
1299 1339 
1299 1307 
1281 1263 
1239 1210 1263 1233 1263 1254 1589 1590 
1263 1229 1341 1307 1303 1304 1231 1249 1345 1352 
1345 1379 
1327 1272 1263 1219 1209 1225 1290 1312 1318 1308 1524 1523 
1524 1522 
1525 1524 1321 1298 
1290 1298 
1265 1263 
1289 1265 1227 1267 
1264 1245 1305 1303 
1231 1232 
1263 1295 1293 1232 1298 1352 
1224 1246 
1355 1302 1379 1352 1263 1243 1303 1376 
1303 1404 
1347 1303 1317 1347 1326 1338 
1316 1379 
1389 1316 1300 1332 
1375 1342 1023 1263 
1263 1237 1548 1533 
1261 1278 
1261 1263 
1368 1335 1241 1269 
1223 1242 1244 1246 
1263 1244 1250 1287 
1250 1228 
1400 1373 1370 1381 1259 1328 
1259 1330 
1422 1446 
1422 1386 1332 1327 1288 1256 1291 1331 
1291 1348 
1399 1368 1340 1320 1273 1274 1425 1388 1366 1367 1403 1376 1294 1228 1480 1511 
1497 1487 1246 1314 
1246 1284 
1501 1511 1273 1251 1330 1351 
1330 1354 
1343 1341 983 1263 
1496 1497 1401 1366 1397 1364 1424 1404 
1412 1375 1408 1389 1343 1358 1410 1409 1263 1269 
1263 1328 
1263 1288 
1263 1314 
1263 1615 
1263 1597 
1477 1263 1496 1523 1447 1446 
1451 1426 1287 1313 
1287 1288 
1501 1446 1309 1273 1348 1331 1397 1449 
1410 1408 1288 1279 1461 1466 
1322 1294 1314 1284 1498 1460 1651 1648 
1646 1644 
138 1614 
1585 1569 1406 1372 1346 1311 1452 1410 1449 1456 
1481 1449 1411 1401 1579 1544 
1444 1466 1510 1496 1322 1301 1348 1369 
1354 1348 1444 1472 
1450 1403 1467 1452 1325 1288 1351 1353 
1349 1325 1482 1481 1482 1494 
1361 1333 1500 1467 1319 1322 1456 1506 
1585 1597 1520 1500 1471 1437 
1414 1415 1377 1378 
1314 1329 
1346 1353 
1383 1346 1329 1324 1380 1353 1519 1499 1393 1427 
1526 1520 1357 1329 1555 1515 1543 1545 
1519 1546 
1360 1396 
1361 1360 1365 1434 
1365 1383 
1361 1374 1419 1361 1356 1391 
1572 1575 
1473 1428 1573 1593 
1584 1546 1593 1574 1622 1615 1432 1383 1423 1371 1562 1584 
1507 1508 
1438 1420 1610 1596 1417 1436 1435 1434 1423 1437 1594 1584 1486 1445 1441 1418 1468 1438 1432 1485 
1470 1483 1486 1485 1486 1504 1530 1516 1531 1486 1536 1532 1474 1468 1492 1458 1551 1544 1207 1251 
609 617 
1010 871 977 1010 
977 742 
13 25 
6 25 
891 967 753 902 945 721 
753 863 
45 25 19 42 
990 780 
48 69 
23 35 
23 41 
721 830 
42 64 
863 826 
921 975 
1238 1250 31 52 
780 836 
1097 1024 
41 59 
30 53 
30 38 
27 16 830 978 
64 88 
24 7 
966 1006 
895 761 
895 1024 
826 978 
836 878 
7 40 
4 27 
11 4 65 92 
38 54 
1179 1068 
1238 1173 
36 61 
11 33 
748 829 
1069 17 
878 821 
1172 1037 
1172 1173 
1157 1194 
28 50 
1111 1243 
61 67 
1061 1166 
1068 1218 
1068 50 
62 1173 1236 15 
33 56 
909 89 
909 1037 
32 15 56 50 1231 1203 
1243 1064 
1194 1126 
1194 1112 
1194 1064 
1092 1072 
1166 1237 
1178 76 
1178 1036 
1240 1188 
5 29 
55 70 
431 29 
1072 1090 
1199 1117 
1199 1169 
1189 1078 
1227 1175 
1196 1118 
1181 1169 
1118 1181 425 436 
452 442 60 78 
1117 1104 
1169 1104 
430 436 
51 66 
1175 1245 
1202 1077 
49 72 
1208 1106 
1049 1151 
426 434 
1104 1151 
1104 1066 
1088 1220 
1045 1233 
432 443 
1095 1106 
452 466 
452 1233 
1055 1066 
445 447 
434 444 
1106 1079 
1220 1239 
447 459 
443 446 
443 1091 
443 451 
456 446 437 441 
1079 1221 
461 454 1204 1193 
1225 1135 
5 14 
4 7 
30 42 
72 91 
56 61 
53 63 
48 37 
43 50 47 46 
21 51 
67 22 87 92 62 77 
58 57 
59 84 
74 78 
89 97 90 98 
28 27 31 32 
95 101 
76 104 
115 143 
110 32 
83 86 
120 132 96 103 
99 100 
128 155 
172 173 
184 194 
135 122 111 70 147 148 140 139 
158 159 
119 129 
138 136 
109 125 
112 71 
150 71 108 130 
180 182 
160 179 187 182 113 126 
154 116 144 149 
214 219 213 218 
188 187 
203 204 
193 192 
200 201 
209 238 
205 204 
198 202 
199 224 
227 183 229 245 
246 250 
247 272 
153 168 
221 264 
206 249 
225 237 
265 270 
236 237 297 296 
251 250 
217 220 
176 175 
248 249 288 301 
330 301 322 331 
354 365 
373 372 
399 405 
387 408 
266 294 232 233 
310 334 
231 242 284 286 
252 256 
169 161 
260 262 
279 280 
234 254 
255 256 273 281 
274 282 
305 318 
278 287 
325 337 
276 287 338 352 
312 316 303 304 299 298 
291 314 
329 349 
290 307 
269 270 302 298 
384 349 327 350 
317 323 
343 333 339 355 
347 298 356 362 
397 410 306 321 376 371 
360 370 
381 413 
375 377 348 357 
340 358 
398 401 
427 401 409 432 
378 353 
430 437 
422 439 
431 432 
440 441 446 408 463 464 
395 411 
412 417 
425 448 
462 465 
456 466 
449 450 
479 484 
1173 1157 
438 437 432 469 
574 585 
580 615 
650 637 1099 1116 8 3 
10 9 657 612 18 41 
36 38 
24 13 
40 39 
696 679 866 837 1007 1031 
1031 1060 
1075 1073 3 8 
4 7 
5 14 
10 9 13 24 
18 41 
30 42 
28 27 
37 48 
21 51 
31 32 
36 38 
43 50 40 39 
46 47 
56 61 
67 22 53 63 
110 32 57 58 
74 78 
62 77 
59 84 
72 91 
111 70 87 92 83 86 
76 104 
89 97 90 98 
95 101 
112 71 
150 71 96 103 
113 126 
109 125 
120 132 108 130 
100 99 
119 129 
154 116 115 143 
136 138 
144 149 
172 173 
184 194 
160 179 180 182 
188 187 
203 204 
205 204 
209 238 
213 218 
214 219 247 272 
246 250 
251 250 
297 296 
231 242 310 334 
288 301 
330 301 322 331 
354 365 
373 372 
399 405 
387 408 
431 432 
409 432 
397 410 430 437 
438 437 
456 466 
449 450 
440 441 462 465 
479 484 
463 464 
1173 1157 
128 155 
135 122 140 139 
147 148 153 168 
161 169 
227 183 158 159 
176 175 
200 201 
192 193 
198 202 
199 224 
217 220 
206 249 
225 237 
229 245 
232 233 
221 264 
234 254 
252 256 
236 237 248 249 265 270 
255 256 260 262 
284 286 
273 281 
274 282 
269 270 276 287 
279 280 
278 287 290 307 
299 298 
291 314 
303 304 305 318 
312 316 306 321 302 298 
347 298 317 323 
325 337 
327 350 
329 349 
338 352 
348 357 
339 355 
340 358 
353 378 
360 370 
356 362 
384 349 375 377 371 376 
381 413 
398 401 
395 411 
423 400 412 417 
422 439 
425 448 
1099 1116 3 8 
4 7 
5 14 
10 9 13 24 
18 41 
30 42 
28 27 
37 48 
21 51 
31 32 
36 38 
43 50 40 39 
46 47 
56 61 
67 22 53 63 
110 32 57 58 
74 78 
62 77 
59 84 
72 91 
111 70 87 92 83 86 
76 104 
89 97 90 98 
95 101 
112 71 
150 71 96 103 
113 126 
109 125 
120 132 108 130 
100 99 
119 129 
154 116 115 143 
136 138 
144 149 
172 173 
184 194 
160 179 180 182 
188 187 
203 204 
205 204 
209 238 
213 218 
214 219 247 272 
246 250 
251 250 
297 296 
231 242 310 334 
288 301 
330 301 322 331 
354 365 
373 372 
399 405 
387 408 
431 432 
409 432 
397 410 430 437 
438 437 
456 466 
449 450 
440 441 462 465 
479 484 
463 464 
1173 1157 
128 155 
135 122 140 139 
147 148 153 168 
161 169 
227 183 158 159 
176 175 
200 201 
192 193 
198 202 
199 224 
217 220 
206 249 
225 237 
229 245 
232 233 
221 264 
234 254 
252 256 
236 237 248 249 265 270 
255 256 260 262 
284 286 
273 281 
274 282 
269 270 276 287 
279 280 
278 287 290 307 
299 298 
291 314 
303 304 305 318 
312 316 306 321 302 298 
347 298 317 323 
325 337 
327 350 
329 349 
338 352 
348 357 
339 355 
340 358 
353 378 
360 370 
356 362 
384 349 375 377 371 376 
381 413 
398 401 
395 411 
423 400 412 417 
422 439 
425 448 
1099 1116 3 8 
4 7 
5 14 
10 9 13 24 
18 41 
30 42 
28 27 
37 48 
21 51 
31 32 
36 38 
43 50 40 39 
46 47 
56 61 
67 22 53 63 
110 32 57 58 
74 78 
62 77 
59 84 
72 91 
111 70 87 92 83 86 
76 104 
89 97 90 98 
95 101 
112 71 
150 71 96 103 
113 126 
109 125 
120 132 108 130 
100 99 
119 129 
154 116 115 143 
136 138 
144 149 
172 173 
184 194 
160 179 180 182 
188 187 
203 204 
205 204 
209 238 
213 218 
214 219 247 272 
246 250 
251 250 
297 296 
231 242 310 334 
288 301 
330 301 322 331 
354 365 
373 372 
399 405 
387 408 
431 432 
409 432 
397 410 430 437 
438 437 
456 466 
449 450 
440 441 462 465 
479 484 
463 464 
1173 1157 
128 155 
135 122 140 139 
147 148 153 168 
161 169 
227 183 158 159 
176 175 
200 201 
192 193 
198 202 
199 224 
217 220 
206 249 
225 237 
229 245 
232 233 
221 264 
234 254 
252 256 
236 237 248 249 265 270 
255 256 260 262 
284 286 
273 281 
274 282 
269 270 276 287 
279 280 
278 287 290 307 
299 298 
291 314 
303 304 305 318 
312 316 306 321 302 298 
347 298 317 323 
325 337 
327 350 
329 349 
338 352 
348 357 
339 355 
340 358 
353 378 
360 370 
356 362 
384 349 375 377 371 376 
381 413 
398 401 
395 411 
423 400 412 417 
422 439 
425 448 
1099 1116 3 8 
4 7 
5 14 
10 9 13 24 
18 41 
30 42 
28 27 
37 48 
21 51 
31 32 
36 38 
43 50 40 39 
46 47 
56 61 
67 22 53 63 
110 32 57 58 
74 78 
62 77 
59 84 
72 91 
111 70 87 92 83 86 
76 104 
89 97 90 98 
95 101 
112 71 
150 71 96 103 
113 126 
109 125 
120 132 108 130 
100 99 
119 129 
154 116 115 143 
136 138 
144 149 
172 173 
184 194 
160 179 180 182 
188 187 
203 204 
205 204 
209 238 
213 218 
214 219 247 272 
246 250 
251 250 
297 296 
231 242 310 334 
288 301 
330 301 322 331 
354 365 
373 372 
399 405 
387 408 
431 432 
409 432 
397 410 430 437 
438 437 
456 466 
449 450 
440 441 462 465 
479 484 
463 464 
1173 1157 
128 155 
135 122 140 139 
147 148 153 168 
161 169 
227 183 158 159 
176 175 
200 201 
192 193 
198 202 
199 224 
217 220 
206 249 
225 237 
229 245 
232 233 
221 264 
234 254 
252 256 
236 237 248 249 265 270 
255 256 260 262 
284 286 
273 281 
274 282 
269 270 276 287 
279 280 
278 287 290 307 
299 298 
291 314 
303 304 305 318 
312 316 306 321 302 298 
347 298 317 323 
325 337 
327 350 
329 349 
338 352 
348 357 
339 355 
340 358 
353 378 
360 370 
356 362 
384 349 375 377 371 376 
381 413 
398 401 
395 411 
423 400 412 417 
422 439 
425 448 
1099 1116 3 8 
4 7 
5 14 
10 9 13 24 
18 41 
30 42 
28 27 
37 48 
21 51 
31 32 
36 38 
43 50 40 39 
46 47 
56 61 
67 22 53 63 
110 32 57 58 
74 78 
62 77 
59 84 
72 91 
111 70 87 92 83 86 
76 104 
89 97 90 98 
95 101 
112 71 
150 71 96 103 
113 126 
109 125 
120 132 108 130 
100 99 
119 129 
154 116 115 143 
136 138 
144 149 
172 173 
184 194 
160 179 180 182 
188 187 
203 204 
205 204 
209 238 
213 218 
214 219 247 272 
246 250 
251 250 
297 296 
231 242 310 334 
288 301 
330 301 322 331 
354 365 
373 372 
399 405 
387 408 
431 432 
409 432 
397 410 430 437 
438 437 
456 466 
449 450 
440 441 462 465 
479 484 
463 464 
1173 1157 
128 155 
135 122 140 139 
147 148 153 168 
161 169 
227 183 158 159 
176 175 
200 201 
192 193 
198 202 
199 224 
217 220 
206 249 
225 237 
229 245 
232 233 
221 264 
234 254 
252 256 
236 237 248 249 265 270 
255 256 260 262 
284 286 
273 281 
274 282 
269 270 276 287 
279 280 
278 287 290 307 
299 298 
291 314 
303 304 305 318 
312 316 306 321 302 298 
347 298 317 323 
325 337 
327 350 
329 349 
338 352 
348 357 
339 355 
340 358 
353 378 
360 370 
356 362 
384 349 375 377 371 376 
381 413 
398 401 
395 411 
423 400 412 417 
422 439 
425 448 
1099 1116 3 8 
4 7 
5 14 
10 9 13 24 
18 41 
30 42 
28 27 
37 48 
21 51 
31 32 
36 38 
43 50 40 39 
46 47 
56 61 
67 22 53 63 
110 32 57 58 
74 78 
62 77 
59 84 
72 91 
111 70 87 92 83 86 
76 104 
89 97 90 98 
95 101 
112 71 
150 71 96 103 
113 126 
109 125 
120 132 108 130 
100 99 
119 129 
154 116 115 143 
136 138 
144 149 
172 173 
184 194 
160 179 180 182 
188 187 
203 204 
205 204 
209 238 
213 218 
214 219 247 272 
246 250 
251 250 
297 296 
231 242 310 334 
288 301 
330 301 322 331 
354 365 
373 372 
399 405 
387 408 
431 432 
409 432 
397 410 430 437 
438 437 
456 466 
449 450 
440 441 462 465 
479 484 
463 464 
1173 1157 
128 155 
135 122 140 139 
147 148 153 168 
161 169 
227 183 158 159 
176 175 
200 201 
192 193 
198 202 
199 224 
217 220 
206 249 
225 237 
229 245 
232 233 
221 264 
234 254 
252 256 
236 237 248 249 265 270 
255 256 260 262 
284 286 
273 281 
274 282 
269 270 276 287 
279 280 
278 287 290 307 
299 298 
291 314 
303 304 305 318 
312 316 306 321 302 298 
347 298 317 323 
325 337 
327 350 
329 349 
338 352 
348 357 
339 355 
340 358 
353 378 
360 370 
356 362 
384 349 375 377 371 376 
381 413 
398 401 
395 411 
423 400 412 417 
422 439 
425 448 
1099 1116 3 8 
4 7 
5 14 
10 9 13 24 
18 41 
30 42 
28 27 
37 48 
21 51 
31 32 
36 38 
43 50 40 39 
46 47 
56 61 
67 22 53 63 
110 32 57 58 
74 78 
62 77 
59 84 
72 91 
111 70 87 92 83 86 
76 104 
89 97 90 98 
95 101 
112 71 
150 71 96 103 
113 126 
109 125 
120 132 108 130 
100 99 
119 129 
154 116 115 143 
136 138 
144 149 
172 173 
184 194 
160 179 180 182 
188 187 
203 204 
205 204 
209 238 
213 218 
214 219 247 272 
246 250 
251 250 
297 296 
231 242 310 334 
288 301 
330 301 322 331 
354 365 
373 372 
399 405 
387 408 
431 432 
409 432 
397 410 430 437 
438 437 
456 466 
449 450 
440 441 462 465 
479 484 
463 464 
1173 1157 
128 155 
135 122 140 139 
147 148 153 168 
161 169 
227 183 158 159 
176 175 
200 201 
192 193 
198 202 
199 224 
217 220 
206 249 
225 237 
229 245 
232 233 
221 264 
234 254 
252 256 
236 237 248 249 265 270 
255 256 260 262 
284 286 
273 281 
274 282 
269 270 276 287 
279 280 
278 287 290 307 
299 298 
291 314 
303 304 305 318 
312 316 306 321 302 298 
347 298 317 323 
325 337 
327 350 
329 349 
338 352 
348 357 
339 355 
340 358 
353 378 
360 370 
356 362 
384 349 375 377 371 376 
381 413 
398 401 
395 411 
423 400 412 417 
422 439 
425 448 
1099 1116 1 4 3 1 
4 2 8 10 
16 17 21 22 
28 27 
1 4 3 1 
4 2 8 10 
16 17 21 22 
28 27 
3 5 4 6 
10 11 15 18 17 28 48 40 
36 31 39 44 41 43 
54 53 
55 53 57 59 
58 60 
11 14 12 15 
18 19 
21 20 
23 24 26 27 
28 34 30 33 35 37 
54 37 63 49 57 50 75 74 81 84 
91 82 102 101 77 88 
90 96 
98 99 
105 103 
109 103 112 115 
114 116 
2 1 
3 4 9 8 14 13 21 25 
36 37 
50 58 
97 91 
176 162 
191 192 26 22 34 33 
38 40 
61 33 
44 51 54 47 
75 65 89 64 
81 70 
87 83 105 59 88 84 
90 92 
110 92 
120 130 131 134 
153 160 128 150 
163 168 
184 183 
187 188 
13 17 
12 6 
16 7 
15 19 
28 32 
42 45 
40 46 
25 64 
60 55 
62 66 
45 72 
92 106 
101 149 
116 148 
144 150 171 156 
209 198 
257 256 149 225 
199 202 
274 249 
282 277 239 219 272 250 
259 258 
253 265 
286 283 301 305 
300 294 
304 295 
303 307 
310 313 
6 5 
7 9 14 21 
16 20 
15 20 
45 47 
61 88 
42 75 
84 78 121 132 198 189 
217 189 199 190 
218 190 212 211 
214 213 
204 211 228 227 
230 229 
222 246 224 249 
233 263 
241 231 
359 358 
434 436 
435 440 
321 301 357 356 
398 388 
279 317 
313 321 
337 346 380 352 
353 321 379 365 381 379 
375 401 
427 431 
420 437 
441 437 
442 438 
21 24 9 8 15 17 
19 34 
20 16 
37 48 
77 76 
79 78 
72 113 
136 73 
191 171 
112 73 138 155 
179 165 244 243 
194 266 
194 242 
259 247 
301 300 
265 192 
260 248 
303 302 
313 322 
192 323 
192 284 
272 283 307 347 
409 411 
357 425 
410 412 527 525 
531 534 529 542 
530 526 
536 535 
1 7 
31 42 
29 16 27 35 
28 37 
14 40 
32 40 100 99 
102 101 92 136 
169 189 
220 201 301 285 230 390 
230 348 
313 298 
322 230 312 297 
336 347 517 516 
529 501 
519 518 
530 502 
640 628 
643 651 
624 615 593 589 616 625 
642 653 
638 646 
639 648 
1 11 
8 12 
16 13 44 10 
46 31 
22 32 
25 60 
40 49 
125 120 
138 140 
139 141 
707 702 634 599 
627 626 
772 783 
126 121 145 123 162 133 205 102 225 192 
286 243 409 380 
431 430 
406 367 410 382 
433 432 
407 368 625 624 
633 598 
679 758 
752 651 
764 703 
770 781 
776 744 
795 756 
778 762 
783 788 
1 16 
6 14 
42 88 
163 156 
186 185 
188 187 
860 766 
892 939 
164 157 178 158 223 199 228 161 229 162 
274 238 336 319 
309 293 
308 292 335 317 
408 387 
409 388 
501 467 
494 471 
502 469 
495 472 
754 755 
756 757 
948 918 
906 933 12 11 19 20 60 45 
31 29 
62 51 
68 73 
52 35 
61 35 59 40 
65 40 64 42 
66 75 
113 117 
184 183 
188 183 
167 144 187 186 
189 186 
168 145 214 213 
216 215 
265 252 306 263 297 291 
298 299 
370 351 
368 349 
778 777 
780 779 
953 949 
954 950 
965 962 
999 1010 
998 974 
997 975 
994 970 
993 978 
966 963 
1049 1020 
1014 1022 995 983 
1002 1008 
1015 1023 1000 1011 
22 21 
40 39 
42 41 
252 251 
248 244 
254 253 
249 245 
345 297 
529 487 
512 489 
530 488 
513 490 
860 859 
862 861 
1061 1060 
1063 1062 
1098 1066 
1154 1124 
48 47 
83 53 90 108 
84 54 95 59 99 100 
93 102 
96 101 
87 79 
85 78 82 66 
98 103 
89 107 
269 267 
270 268 
377 376 
416 376 379 378 
398 388 
397 387 468 449 
467 447 
528 496 
552 525 
553 526 
608 559 
609 560 
999 998 
1001 1000 
1020 1010 
1042 1054 
1165 1164 
1206 1226 
1201 1170 1184 1189 
1213 1175 1217 1219 
1211 1222 
1214 1221 
1204 1195 
1202 1194 1200 1181 
1216 1223 
1207 1188 1274 1226 
1189 1208 1218 1220 57 56 
59 58 
92 49 94 107 
95 108 
294 292 
295 293 
221 249 
494 493 
530 529 
498 479 
492 491 497 477 528 527 
657 604 
643 644 
658 605 
645 646 
1067 1057 
1257 1215 1242 1246 
1260 1246 81 49 113 94 
98 87 
101 92 
110 92 
112 123 
111 123 
105 130 
106 121 
108 122 
107 68 
119 125 
114 96 
1405 1368 
1322 1292 
104 86 313 307 
336 333 
327 321 
314 309 
337 334 
328 322 
963 886 
964 887 
1131 1123 
1324 1306 
1325 1307 
1335 1315 
1317 1308 
1319 1313 
1332 1313 
1334 1343 
1333 1343 
1326 1350 
1327 1341 
1329 1342 
1328 1286 
1339 1345 
94 53 104 115 
327 325 
328 326 
455 440 
456 442 
1167 1108 
1168 1109 
1152 1149 
1345 1304 1355 1366 
1378 1347 99 113 
98 77 101 111 
102 76 
100 76 108 95 
110 115 
338 330 
326 321 
339 332 
327 322 
808 807 
810 809 
1214 1212 
1445 1422 
1469 1434 
1380 1376 1393 1406 
1392 1370 1395 1404 
1396 1369 
1394 1369 1402 1389 
1403 1408 
26 7 
28 36 
94 80 351 341 
385 386 
331 173 
352 343 
387 388 
332 174 
173 364 
174 365 
527 523 
550 532 
528 524 
551 533 
667 666 
669 668 
855 854 
857 856 
1264 1256 
1434 1420 1474 1455 95 118 
98 126 
96 123 
110 119 
111 92 
97 65 99 82 
105 82 
107 103 
108 120 
100 120 
102 122 
101 89 114 125 
113 124 109 104 
188 219 
190 220 
567 562 
578 565 
511 503 
568 563 
579 566 
512 506 
715 714 
731 697 
717 716 
732 698 
1146 1122 
1147 1123 
1202 1156 
1203 1158 
1297 1294 
1461 1480 
1464 1487 
1462 1485 
1473 1481 
1474 1458 
1463 1433 1465 1447 
1470 1447 
1471 1469 
1472 1482 
1466 1482 
1468 1484 
1467 1455 1476 1486 
109 126 
354 303 355 304 192 419 
193 420 
585 580 
586 574 
587 581 
588 575 
895 835 
896 836 
1111 1062 
1112 1063 
1205 1187 
1206 1189 
1325 1324 
1512 1529 
1552 1532 109 51 
104 99 
105 65 
120 127 
113 123 
114 100 
103 122 
115 83 374 325 
375 326 
574 573 
612 608 
635 618 
601 592 
576 575 
613 609 
636 619 
602 593 
772 771 
791 723 
761 723 
774 773 
792 724 
762 724 
1109 1079 
1124 1069 
1110 1081 
1125 1070 
1531 1475 
1523 1517 1524 1518 
1525 1488 
1540 1548 
1534 1544 
1535 1519 
1522 1543 
1536 1503 1541 1549 
1528 1555 1527 1489 53 100 
351 321 
366 321 
352 322 
367 322 
583 581 
622 611 
629 614 
597 579 
584 582 
623 612 
630 615 
598 580 
759 760 
761 762 
1139 1102 
1140 1104 
1494 1541 
1617 1585 16 17 31 70 
114 92 
123 131 
124 139 
118 78 120 79 125 146 
383 382 
385 384 
631 629 
670 665 
667 650 
627 614 
632 630 
671 666 
668 651 
628 615 
914 880 
940 923 
896 863 
862 863 
915 881 
941 924 
897 865 
864 865 
1502 1486 
1503 1487 
1514 1548 
1587 1566 
1594 1601 
1595 1609 
1592 1556 1596 1616 
1597 1617 
22 23 24 25 70 114 
123 139 
392 396 
393 397 
656 654 
695 691 
680 665 
641 630 
657 655 
696 692 
681 666 
642 631 
837 801 
838 803 
943 896 
947 932 
907 870 
944 897 
948 933 
908 871 
1508 1494 
1509 1495 
1553 1597 
1606 1622 
1638 1592 50 46 
1628 1593 
1633 1612 
1632 1611 
1645 1649 
999 959 
134 142 
127 105 
126 104 
55 17 114 66 
130 144 
120 83 
121 59 
118 108 
137 150 
132 151 
119 111 
131 154 
141 147 
124 145 
125 99 
116 94 
117 84 
138 112 
128 106 
135 143 
129 107 109 142 
110 143 
404 365 
405 367 
696 692 
702 682 
669 655 
697 693 
703 683 
670 656 
980 940 
972 964 
931 890 
981 941 
973 965 
932 892 
1320 1319 
1322 1321 
1563 1527 
1559 1554 
1564 1528 
1560 1556 
1619 1573 
1634 1647 
1625 1592 
1626 1567 
1623 1613 
1640 1654 
1636 1655 
1624 1615 
1635 1658 
1646 1651 
1630 1648 
1631 1606 
1621 1601 
1622 1594 
1641 1616 
55 42 56 44 60 117 
121 111 
153 117 
144 117 
385 347 
386 349 
216 252 117 219 668 657 
681 544 669 658 
682 547 760 761 
762 763 
882 881 
962 919 
945 926 
903 860 
859 860 
884 883 
963 920 
946 927 
904 862 
861 862 
1549 1536 
1550 1538 
1612 1603 
1649 1664 
64 32 129 70 140 163 
131 124 
141 151 
142 151 
139 75 143 153 
144 120 
145 154 
146 122 
136 94 147 168 
414 395 
416 397 
730 667 
703 696 
731 668 
704 697 
1223 1202 
1224 1203 
1337 1333 
1338 1334 
1645 1594 1656 1677 
1647 1641 
1657 1665 
1658 1665 
1655 1597 1659 1667 
1660 1639 
1652 1616 1661 1683 
56 102 107 122 
108 124 
126 162 
364 322 
401 394 
359 360 
365 323 
402 396 
361 362 
902 901 
939 931 
893 850 
904 903 
940 932 
894 851 
989 974 1113 1106 
1114 1109 
1196 1171 
1197 1172 
1471 1478 
1603 1618 
1604 1620 
121 79 
142 110 
132 105 
137 153 
122 156 
138 146 
140 147 
128 111 
139 148 
141 149 
129 112 
135 109 
131 106 
143 155 
404 367 
405 368 
594 590 
595 591 
799 786 
781 782 
800 787 
783 784 
913 912 
957 956 
978 971 
936 896 
915 914 
959 958 
979 972 
937 897 
1173 1165 
1174 1168 
1351 1309 
1352 1311 
1657 1686 
1655 1618 
1672 1647 
1665 1643 
1669 1681 
1670 1676 
1671 1677 
1662 1648 
1667 1646 
1664 1644 
1673 1683 
1656 1684 
795 785 
796 786 
949 939 
959 951 
917 883 
950 940 
960 952 
918 884 
1044 1045 
1046 1047 
1341 1301 
1342 1303 
91 55 
123 102 
125 99 
133 138 
134 108 
132 148 
130 66 
128 66 1660 1675 1735 1734 
1751 1750 
121 101 126 100 131 103 225 224 
209 207 
227 226 
210 208 
389 382 
412 377 
390 383 
414 378 
676 662 
695 686 
677 663 
696 688 
966 960 
927 892 
967 961 
928 893 
1048 1049 
1062 997 1050 1051 
1063 998 1624 1588 
1650 1632 
1652 1631 
1661 1667 
1662 1638 
1659 1674 
1656 1599 
1654 1599 1658 1633 219 218 
221 220 
384 371 
393 326 
385 372 
394 327 
618 609 
619 611 
765 762 
808 799 
819 785 
746 747 
766 764 
809 800 
820 786 
748 749 
936 926 
937 927 
1312 1311 
1315 1314 
1733 1732 
1735 1734 
10 48 
19 20 114 78 
146 152 
129 109 
142 121 
143 154 
131 82 144 122 
145 156 
134 156 
133 83 128 104 
139 77 150 160 
147 149 
148 112 
135 151 
705 690 
694 687 
706 691 
695 688 
798 794 
808 809 
799 796 
810 811 
953 947 
954 948 
1126 1125 
1127 1099 
1129 1128 
1130 1100 
1304 1276 
1305 1277 
1546 1537 
1401 1510 
1547 1538 
1654 1666 
1639 1605 
1661 1667 
1650 1634 
1659 1644 
1660 1669 
1652 1608 1649 1629 
1657 1604 1665 1675 
1662 1664 
1663 1637 
20 59 
24 33 
72 140 
99 145 
643 628 
681 669 
661 608 
644 630 
682 670 
662 610 
819 811 
847 848 
809 766 
820 812 
849 850 
810 768 
921 916 
922 917 
1105 1104 
1094 1062 
1107 1106 
1095 1064 
1281 1247 
1282 1248 
1347 1319 
1348 1322 
1568 1637 
1537 1660 42 43 
1626 1642 
1725 1711 
70 69 116 111 
125 134 
128 149 
127 140 
120 73 
121 73 126 137 
132 151 
130 114 376 352 
377 353 
672 660 
673 628 
674 662 
675 630 
809 805 
853 843 
864 865 
828 785 
784 785 
810 807 
854 844 
866 867 
829 787 
786 787 
930 929 
940 937 
932 931 
941 938 
1134 1133 
1136 1135 
1545 1546 
1547 1548 
1615 1610 
1623 1633 
1627 1651 
1625 1641 
1618 1573 
1620 1573 1624 1636 
1631 1653 
1629 1613 