1	3	8.3504e-16	-2.8854e-14
2	4	-2.5487e-14	-4.1674e-14
2	9	-1.4276e-14	1.8151e-14
3	1	-8.3504e-16	2.8854e-14
4	2	2.5487e-14	4.1674e-14
4	5	2.2847e-14	-2.7327e-14
4	8	-1.3004e-14	-4.1785e-14
4	14	-1.3703e-14	2.2852e-14
4	25	-1.9428e-14	1.3294e-16
5	4	-2.2847e-14	2.7327e-14
5	6	-1.1846e-14	-2.693e-14
6	5	1.1846e-14	2.693e-14
6	7	-5.3257e-16	-1.0534e-14
6	8	-2.3057e-14	2.1992e-14
6	10	-3.2057e-14	-1.2777e-14
7	6	5.3257e-16	1.0534e-14
7	10	-2.2728e-14	1.1841e-14
7	11	-9.7904e-16	-8.2689e-15
8	4	1.3004e-14	4.1785e-14
8	6	2.3057e-14	-2.1992e-14
8	10	-8.3526e-15	-2.4228e-14
8	27	-2.1926e-14	1.5003e-16
9	2	1.4276e-14	-1.8151e-14
9	14	-1.9291e-14	-2.4092e-14
10	6	3.2057e-14	1.2777e-14
10	7	2.2728e-14	-1.1841e-14
10	8	8.3526e-15	2.4228e-14
10	16	1.4763e-16	-1.9706e-14
10	26	-3.8886e-14	-2.8372e-14
10	27	-1.9198e-14	2.712e-14
11	7	9.7904e-16	8.2689e-15
11	16	-2.2382e-14	8.2958e-15
12	15	-1.5855e-14	4.0053e-14
12	18	2.5299e-17	-3.9598e-14
13	17	-1.5354e-16	9.0391e-15
13	21	-3.9635e-14	1.7885e-14
13	22	-5.2045e-15	-1.0696e-14
14	4	1.3703e-14	-2.2852e-14
14	9	1.9291e-14	2.4092e-14
14	23	-3.0886e-15	5.16e-15
14	24	-3.0127e-14	-3.3151e-15
15	12	1.5855e-14	-4.0053e-14
16	10	-1.4763e-16	1.9706e-14
16	11	2.2382e-14	-8.2958e-15
16	19	1.0292e-15	-2.2366e-14
16	26	-1.8193e-14	5.9817e-15
17	13	1.5354e-16	-9.0391e-15
17	20	-1.9809e-14	3.653e-15
18	12	-2.5299e-17	3.9598e-14
18	20	-3.2281e-15	-3.0838e-14
19	16	-1.0292e-15	2.2366e-14
19	29	-4.0217e-15	-5.2105e-15
19	32	-2.7429e-14	3.6904e-15
20	17	1.9809e-14	-3.653e-15
20	18	3.2281e-15	3.0838e-14
20	21	1.9631e-15	-7.4239e-15
20	28	-1.6219e-14	-2.3654e-14
21	13	3.9635e-14	-1.7885e-14
21	20	-1.9631e-15	7.4239e-15
21	28	-5.634e-14	9.7447e-15
22	13	5.2045e-15	1.0696e-14
22	34	-1.4398e-14	9.2793e-15
23	14	3.0886e-15	-5.16e-15
23	24	-3.2613e-15	-9.8355e-15
24	14	3.0127e-14	3.3151e-15
24	23	3.2613e-15	9.8355e-15
24	25	1.8396e-14	-4.0785e-14
24	35	-4.0602e-14	1.8664e-14
25	4	1.9428e-14	-1.3294e-16
25	24	-1.8396e-14	4.0785e-14
25	27	-9.7048e-15	-3.1184e-14
26	10	3.8886e-14	2.8372e-14
26	16	1.8193e-14	-5.9817e-15
26	31	-5.7235e-14	-2.3248e-14
27	8	2.1926e-14	-1.5003e-16
27	10	1.9198e-14	-2.712e-14
27	25	9.7048e-15	3.1184e-14
27	40	-5.2265e-14	9.3356e-16
28	20	1.6219e-14	2.3654e-14
28	21	5.634e-14	-9.7447e-15
28	34	6.4359e-15	-2.5856e-14
28	36	-3.9328e-14	3.3272e-14
29	19	4.0217e-15	5.2105e-15
29	30	7.8593e-15	-3.4077e-14
29	32	-1.1031e-14	2.6846e-14
30	29	-7.8593e-15	3.4077e-14
30	45	-4.8525e-14	-7.053e-15
31	26	5.7235e-14	2.3248e-14
31	32	3.9673e-14	-3.0885e-14
31	41	-1.6734e-16	1.118e-14
31	47	-3.1453e-14	-2.5843e-14
31	51	-7.7094e-14	2.2485e-14
32	19	2.7429e-14	-3.6904e-15
32	29	1.1031e-14	-2.6846e-14
32	31	-3.9673e-14	3.0885e-14
34	22	1.4398e-14	-9.2793e-15
34	28	-6.4359e-15	2.5856e-14
35	24	4.0602e-14	-1.8664e-14
35	42	-3.6478e-14	2.9105e-16
36	28	3.9328e-14	-3.3272e-14
37	38	4.6599e-15	-6.4166e-15
37	39	2.388e-15	5.3605e-15
38	37	-4.6599e-15	6.4166e-15
39	37	-2.388e-15	-5.3605e-15
40	27	5.2265e-14	-9.3356e-16
40	41	-5.0245e-15	-1.2738e-14
40	44	-4.8793e-14	9.3616e-15
41	31	1.6734e-16	-1.118e-14
41	40	5.0245e-15	1.2738e-14
41	50	-3.0838e-15	2.3538e-16
42	35	3.6478e-14	-2.9105e-16
42	43	-1.3886e-14	-2.4398e-14
43	42	1.3886e-14	2.4398e-14
43	44	2.8174e-14	-3.6256e-14
43	61	-1.3413e-15	-2.5201e-15
44	40	4.8793e-14	-9.3616e-15
44	43	-2.8174e-14	3.6256e-14
44	50	-1.4643e-14	-2.7511e-14
45	30	4.8525e-14	7.053e-15
45	46	2.2305e-14	-4.398e-14
45	49	-6.2754e-14	3.2817e-14
46	45	-2.2305e-14	4.398e-14
46	52	-1.2092e-14	-3.3209e-14
47	31	3.1453e-14	2.5843e-14
47	48	-3.9091e-15	-4.1115e-14
47	56	-3.7712e-14	1.357e-14
48	47	3.9091e-15	4.1115e-14
48	49	1.1492e-14	-2.5061e-14
48	57	-1.3677e-14	-1.2872e-14
49	45	6.2754e-14	-3.2817e-14
49	48	-1.1492e-14	2.5061e-14
49	57	-5.6116e-14	1.096e-14
50	41	3.0838e-15	-2.3538e-16
50	44	1.4643e-14	2.7511e-14
50	51	-1.5317e-15	6.7677e-15
50	53	-1.992e-14	-2.6924e-14
50	61	-1.1192e-15	1.4402e-15
51	31	7.7094e-14	-2.2485e-14
51	50	1.5317e-15	-6.7677e-15
51	53	-8.8113e-14	1.8523e-14
52	46	1.2092e-14	3.3209e-14
52	58	-4.037e-14	-1.081e-14
53	50	1.992e-14	2.6924e-14
53	51	8.8113e-14	-1.8523e-14
53	55	-6.2017e-14	-6.249e-14
53	56	-9.3255e-16	3.4281e-15
53	64	-4.2677e-14	4.2369e-14
54	59	-1.6693e-14	2.2075e-15
55	53	6.2017e-14	6.249e-14
55	56	4.0255e-14	-1.0623e-14
55	65	-5.3249e-14	-5.5073e-14
55	80	-2.5322e-14	1.2027e-14
56	47	3.7712e-14	-1.357e-14
56	53	9.3255e-16	-3.4281e-15
56	55	-4.0255e-14	1.0623e-14
57	48	1.3677e-14	1.2872e-14
57	49	5.6116e-14	-1.096e-14
57	66	-5.129e-14	2.9587e-14
57	68	-6.701e-15	-2.2745e-14
57	72	-2.2271e-14	-7.7857e-15
58	52	4.037e-14	1.081e-14
58	59	2.5234e-14	-3.5283e-14
58	69	-3.6453e-14	3.5427e-14
58	73	-3.5871e-14	-1.4939e-14
59	54	1.6693e-14	-2.2075e-15
59	58	-2.5234e-14	3.5283e-14
59	60	1.1563e-14	-3.4667e-14
60	59	-1.1563e-14	3.4667e-14
60	67	8.2397e-16	-2.0615e-14
60	71	-4.8242e-14	-1.2259e-14
61	43	1.3413e-15	2.5201e-15
61	50	1.1192e-15	-1.4402e-15
62	63	-1.8497e-14	-7.0098e-14
62	70	-2.3769e-14	4.8315e-14
63	62	1.8497e-14	7.0098e-14
63	84	-5.2834e-14	2.3269e-14
64	53	4.2677e-14	-4.2369e-14
64	80	-9.7105e-15	-1.0785e-14
65	55	5.3249e-14	5.5073e-14
65	66	4.9234e-14	-6.3677e-14
65	80	-4.0048e-15	2.2082e-14
65	85	-6.5526e-14	-3.501e-14
65	90	-2.795e-14	1.2739e-14
66	57	5.129e-14	-2.9587e-14
66	65	-4.9234e-14	6.3677e-14
66	72	-4.1963e-15	-4.4768e-14
67	60	-8.2397e-16	2.0615e-14
67	70	-2.3677e-14	-8.9076e-15
68	57	6.701e-15	2.2745e-14
68	69	2.4359e-14	-3.5893e-14
68	72	-1.5799e-14	2.0296e-14
68	76	-7.0119e-16	-1.9108e-15
68	79	-1.5056e-14	-5.8191e-16
69	58	3.6453e-14	-3.5427e-14
69	68	-2.4359e-14	3.5893e-14
69	76	-1.341e-14	3.5622e-16
70	62	2.3769e-14	-4.8315e-14
70	67	2.3677e-14	8.9076e-15
70	71	2.8201e-15	3.963e-14
70	82	-1.5503e-14	1.0484e-14
70	83	-3.0381e-14	-1.4773e-14
71	60	4.8242e-14	1.2259e-14
71	70	-2.8201e-15	-3.963e-14
71	75	-4.5754e-14	2.7681e-14
72	57	2.2271e-14	7.7857e-15
72	66	4.1963e-15	4.4768e-14
72	68	1.5799e-14	-2.0296e-14
72	79	-1.6941e-14	-2.5622e-14
72	86	-3.3805e-14	8.9586e-15
73	58	3.5871e-14	1.4939e-14
73	74	-1.6435e-14	-2.1534e-14
73	78	-1.9403e-14	4.3822e-15
74	73	1.6435e-14	2.1534e-14
74	75	4.3015e-14	-4.1602e-14
74	78	-1.1302e-14	2.1234e-14
74	87	-3.6623e-14	-6.9968e-15
75	71	4.5754e-14	-2.7681e-14
75	74	-4.3015e-14	4.1602e-14
75	81	-1.6843e-14	-4.8994e-15
76	68	7.0119e-16	1.9108e-15
76	69	1.341e-14	-3.5622e-16
76	77	-1.5794e-14	-4.3251e-15
77	76	1.5794e-14	4.3251e-15
77	78	2.8271e-14	-2.3178e-14
77	79	9.6454e-15	7.7994e-14
77	88	-1.4655e-14	-8.2625e-14
77	101	-3.6851e-14	1.6079e-14
78	73	1.9403e-14	-4.3822e-15
78	74	1.1302e-14	-2.1234e-14
78	77	-2.8271e-14	2.3178e-14
79	68	1.5056e-14	5.8191e-16
79	72	1.6941e-14	2.5622e-14
79	77	-9.6454e-15	-7.7994e-14
79	86	-2.0682e-14	5.4324e-14
80	55	2.5322e-14	-1.2027e-14
80	64	9.7105e-15	1.0785e-14
80	65	4.0048e-15	-2.2082e-14
81	75	1.6843e-14	4.8994e-15
81	82	1.6666e-14	-2.1847e-14
81	87	-2.4714e-14	1.9758e-14
81	92	-3.2721e-15	-1.6482e-15
82	70	1.5503e-14	-1.0484e-14
82	81	-1.6666e-14	2.1847e-14
82	83	-8.3819e-16	-1.1786e-14
83	70	3.0381e-14	1.4773e-14
83	82	8.3819e-16	1.1786e-14
83	84	3.6142e-14	-6.0098e-14
83	93	-6.0077e-14	3.8089e-14
83	98	-2.5507e-15	-5.4606e-15
84	63	5.2834e-14	-2.3269e-14
84	83	-3.6142e-14	6.0098e-14
84	91	-6.1941e-15	-4.0983e-14
85	65	6.5526e-14	3.501e-14
85	86	4.3852e-14	-8.7202e-14
85	94	-1.1239e-13	5.1223e-14
86	72	3.3805e-14	-8.9586e-15
86	79	2.0682e-14	-5.4324e-14
86	85	-4.3852e-14	8.7202e-14
86	100	-9.7874e-15	-1.3129e-14
87	74	3.6623e-14	6.9968e-15
87	81	2.4714e-14	-1.9758e-14
87	88	-4.909e-14	7.1788e-14
87	92	1.4584e-15	-3.9571e-14
87	99	-1.1054e-14	-1.0258e-14
88	77	1.4655e-14	8.2625e-14
88	87	4.909e-14	-7.1788e-14
88	104	-2.9858e-14	-4.967e-14
88	117	-4.4687e-14	3.083e-14
89	90	2.4952e-14	-1.9637e-14
89	95	-4.2772e-14	-4.6273e-15
90	65	2.795e-14	-1.2739e-14
90	89	-2.4952e-14	1.9637e-14
90	94	-7.997e-15	-4.2727e-15
91	84	6.1941e-15	4.0983e-14
91	96	-1.9954e-14	-1.0443e-14
91	98	-7.9472e-15	7.2911e-15
92	81	3.2721e-15	1.6482e-15
92	87	-1.4584e-15	3.9571e-14
92	93	1.3207e-14	-4.4816e-14
92	99	-1.3743e-14	5.6964e-15
93	83	6.0077e-14	-3.8089e-14
93	92	-1.3207e-14	4.4816e-14
93	102	-8.3905e-15	-1.7962e-14
93	105	-4.0865e-14	1.016e-14
94	85	1.1239e-13	-5.1223e-14
94	90	7.997e-15	4.2727e-15
94	95	-6.606e-14	7.5705e-14
94	115	-4.4235e-14	-4.4475e-14
95	89	4.2772e-14	4.6273e-15
95	94	6.606e-14	-7.5705e-14
95	112	-3.9568e-14	5.7484e-14
95	142	-8.2656e-15	-1.7889e-14
95	155	-6.2372e-14	-4.9653e-15
96	91	1.9954e-14	1.0443e-14
96	97	3.7987e-14	-4.037e-14
96	103	-3.5061e-14	3.2166e-14
96	122	-2.4207e-14	-7.6163e-15
97	96	-3.7987e-14	4.037e-14
97	109	-4.0319e-14	-1.2686e-14
98	83	2.5507e-15	5.4606e-15
98	91	7.9472e-15	-7.2911e-15
98	102	-4.6213e-15	2.9299e-15
98	103	-1.0047e-14	-5.2583e-15
99	87	1.1054e-14	1.0258e-14
99	92	1.3743e-14	-5.6964e-15
99	104	-2.1716e-14	6.5903e-14
99	105	-5.0877e-15	-6.3635e-14
100	86	9.7874e-15	1.3129e-14
100	101	-1.7184e-15	-8.4309e-15
100	114	-2.9378e-15	-3.664e-16
101	77	3.6851e-14	-1.6079e-14
101	100	1.7184e-15	8.4309e-15
101	114	-2.3867e-14	2.5779e-14
101	117	4.7894e-15	-2.2439e-14
101	131	-2.3227e-14	-2.8968e-15
102	93	8.3905e-15	1.7962e-14
102	98	4.6213e-15	-2.9299e-15
102	103	-6.8014e-16	-1.6401e-14
102	118	-1.7369e-14	7.1443e-15
103	96	3.5061e-14	-3.2166e-14
103	98	1.0047e-14	5.2583e-15
103	102	6.8014e-16	1.6401e-14
103	122	-2.0825e-15	-9.3668e-15
103	123	-4.3128e-14	2.3442e-14
104	88	2.9858e-14	4.967e-14
104	99	2.1716e-14	-6.5903e-14
104	133	-4.0516e-14	1.3025e-14
105	93	4.0865e-14	-1.016e-14
105	99	5.0877e-15	6.3635e-14
105	118	-8.9289e-15	-2.9873e-14
105	143	-4.0404e-14	-1.3947e-14
106	112	1.6877e-14	-6.1375e-14
106	130	-4.6909e-14	2.7913e-14
107	108	-2.4216e-14	-2.0538e-14
107	111	2.464e-15	1.9272e-14
108	107	2.4216e-14	2.0538e-14
108	113	-3.6082e-15	-2.9385e-14
108	126	-5.2029e-14	2.1383e-14
109	97	4.0319e-14	1.2686e-14
109	110	6.3327e-16	-1.2117e-14
109	119	-4.8437e-14	-7.6364e-15
109	122	-2.7172e-15	2.8877e-15
110	109	-6.3327e-16	1.2117e-14
110	111	4.5484e-14	-2.0859e-14
110	121	-4.9603e-14	7.354e-15
111	107	-2.464e-15	-1.9272e-14
111	110	-4.5484e-14	2.0859e-14
112	95	3.9568e-14	-5.7484e-14
112	106	-1.6877e-14	6.1375e-14
112	152	-3.0283e-14	8.3147e-15
113	108	3.6082e-15	2.9385e-14
113	134	-2.5845e-14	5.7949e-15
114	100	2.9378e-15	3.664e-16
114	101	2.3867e-14	-2.5779e-14
114	116	-3.3873e-14	3.5198e-14
114	131	-2.0695e-15	-1.0153e-14
115	94	4.4235e-14	4.4475e-14
115	116	-1.7593e-14	-6.4594e-14
115	142	-1.0644e-14	1.5045e-14
115	153	-2.2966e-14	-5.151e-15
116	114	3.3873e-14	-3.5198e-14
116	115	1.7593e-14	6.4594e-14
116	138	-5.1844e-14	-1.7083e-14
117	88	4.4687e-14	-3.083e-14
117	101	-4.7894e-15	2.2439e-14
117	132	-3.2465e-14	4.3244e-15
118	102	1.7369e-14	-7.1443e-15
118	105	8.9289e-15	2.9873e-14
118	123	-6.1157e-15	-4.0714e-14
118	143	-1.5862e-14	1.1219e-14
119	109	4.8437e-14	7.6364e-15
119	120	-3.1752e-14	-2.2399e-14
119	128	-1.7596e-14	1.0231e-14
120	119	3.1752e-14	2.2399e-14
120	121	6.7377e-14	-3.4789e-14
120	128	-8.6942e-15	4.6565e-14
120	140	-7.5777e-15	-3.913e-14
120	166	-7.6595e-14	-1.8621e-14
121	110	4.9603e-14	-7.354e-15
121	120	-6.7377e-14	3.4789e-14
121	125	1.2687e-15	-1.8275e-14
122	96	2.4207e-14	7.6163e-15
122	103	2.0825e-15	9.3668e-15
122	109	2.7172e-15	-2.8877e-15
122	128	-2.841e-14	-1.3567e-14
123	103	4.3128e-14	-2.3442e-14
123	118	6.1157e-15	4.0714e-14
123	136	-5.1892e-14	-1.2917e-14
124	130	-7.1345e-15	-7.2575e-15
125	121	-1.2687e-15	1.8275e-14
125	126	6.2574e-15	-1.9563e-14
125	135	-4.619e-15	-3.4013e-15
126	108	5.2029e-14	-2.1383e-14
126	125	-6.2574e-15	1.9563e-14
126	134	-4.1714e-15	-1.39e-14
126	135	-3.4025e-14	1.1021e-14
127	144	-5.7991e-15	2.3702e-15
127	145	-3.3759e-14	-4.5226e-14
127	151	-4.2392e-14	3.4681e-14
128	119	1.7596e-14	-1.0231e-14
128	120	8.6942e-15	-4.6565e-14
128	122	2.841e-14	1.3567e-14
128	137	-2.8229e-14	4.0546e-14
128	186	-2.1309e-14	-2.0885e-15
129	179	-3.658e-14	3.102e-14
130	106	4.6909e-14	-2.7913e-14
130	124	7.1345e-15	7.2575e-15
130	152	-1.7265e-17	-3.8858e-14
130	189	-2.5761e-14	4.606e-15
131	101	2.3227e-14	2.8968e-15
131	114	2.0695e-15	1.0153e-14
131	132	1.259e-14	-2.4985e-14
131	139	-3.1136e-14	1.1022e-14
132	117	3.2465e-14	-4.3244e-15
132	131	-1.259e-14	2.4985e-14
132	133	2.3806e-15	-1.807e-14
132	146	-2.6989e-14	-1.1994e-15
133	104	4.0516e-14	-1.3025e-14
133	132	-2.3806e-15	1.807e-14
133	147	-3.7433e-14	-1.6636e-15
134	113	2.5845e-14	-5.7949e-15
134	126	4.1714e-15	1.39e-14
134	141	-1.7057e-15	-2.5796e-14
134	148	-3.5422e-14	1.9492e-14
135	125	4.619e-15	3.4013e-15
135	126	3.4025e-14	-1.1021e-14
135	140	-5.0696e-15	3.3106e-14
135	148	-4.1532e-15	-4.0682e-14
135	175	-3.9848e-14	1.6217e-14
136	123	5.1892e-14	1.2917e-14
136	137	1.1883e-15	-5.2074e-14
136	158	-6.3222e-14	1.2702e-14
137	128	2.8229e-14	-4.0546e-14
137	136	-1.1883e-15	5.2074e-14
137	182	-2.0599e-14	-2.0188e-15
138	116	5.1844e-14	1.7083e-14
138	139	1.5012e-14	-3.1586e-14
138	153	6.6461e-15	1.7467e-14
138	161	-4.9125e-14	-1.0701e-14
138	167	-9.8181e-15	1.0794e-14
139	131	3.1136e-14	-1.1022e-14
139	138	-1.5012e-14	3.1586e-14
139	146	5.7835e-15	-2.0368e-14
139	162	-1.7566e-14	6.7242e-16
140	120	7.5777e-15	3.913e-14
140	135	5.0696e-15	-3.3106e-14
140	166	-1.4898e-14	1.066e-14
141	134	1.7057e-15	2.5796e-14
141	144	-1.0655e-14	-2.1271e-14
142	95	8.2656e-15	1.7889e-14
142	115	1.0644e-14	-1.5045e-14
142	154	-1.4625e-14	-3.2801e-15
143	105	4.0404e-14	1.3947e-14
143	118	1.5862e-14	-1.1219e-14
143	150	-3.0286e-14	2.3579e-14
143	157	-1.8701e-14	-8.1013e-15
144	127	5.7991e-15	-2.3702e-15
144	141	1.0655e-14	2.1271e-14
144	151	8.0293e-15	-3.3562e-14
144	165	-2.2342e-14	3.9039e-15
145	127	3.3759e-14	4.5226e-14
145	178	-3.5067e-14	-1.3718e-14
146	132	2.6989e-14	1.1994e-15
146	139	-5.7835e-15	2.0368e-14
146	147	3.9636e-15	-3.0086e-14
146	168	-1.286e-14	1.9413e-15
146	169	-3.8191e-15	-4.2799e-15
147	133	3.7433e-14	1.6636e-15
147	146	-3.9636e-15	3.0086e-14
147	149	-2.3358e-14	-3.0473e-14
147	169	-1.5703e-14	4.8367e-15
148	134	3.5422e-14	-1.9492e-14
148	135	4.1532e-15	4.0682e-14
148	163	-4.7537e-14	-2.9306e-14
149	147	2.3358e-14	3.0473e-14
149	150	2.096e-14	-2.6898e-14
149	176	-4.6454e-14	1.2486e-15
150	143	3.0286e-14	-2.3579e-14
150	149	-2.096e-14	2.6898e-14
150	170	-3.0668e-15	-1.7189e-15
151	127	4.2392e-14	-3.4681e-14
151	144	-8.0293e-15	3.3562e-14
151	183	-3.7558e-14	2.707e-15
152	112	3.0283e-14	-8.3147e-15
152	130	1.7265e-17	3.8858e-14
152	156	-1.4164e-14	-4.6655e-14
152	193	-1.6118e-14	7.0148e-15
153	115	2.2966e-14	5.151e-15
153	138	-6.6461e-15	-1.7467e-14
153	154	-1.1606e-14	1.6404e-14
154	142	1.4625e-14	3.2801e-15
154	153	1.1606e-14	-1.6404e-14
154	155	6.8881e-16	9.8755e-15
154	160	-1.9045e-14	7.935e-15
154	167	-8.052e-15	-9.182e-15
155	95	6.2372e-14	4.9653e-15
155	154	-6.8881e-16	-9.8755e-15
155	156	-5.4714e-14	2.428e-14
155	160	-2.0445e-14	-1.2625e-14
156	152	1.4164e-14	4.6655e-14
156	155	5.4714e-14	-2.428e-14
156	180	-6.9108e-14	-2.6912e-14
157	143	1.8701e-14	8.1013e-15
157	158	-4.1863e-15	-2.2613e-14
157	170	-1.8579e-14	1.7786e-14
158	136	6.3222e-14	-1.2702e-14
158	157	4.1863e-15	2.2613e-14
158	181	-3.7393e-14	-2.5632e-14
158	197	-2.88e-14	7.6195e-15
159	172	-2.3825e-14	-1.4572e-15
160	154	1.9045e-14	-7.935e-15
160	155	2.0445e-14	1.2625e-14
160	167	7.5119e-15	-3.2367e-14
160	180	-3.377e-14	3.4654e-14
160	207	-1.6542e-14	-3.7914e-15
161	138	4.9125e-14	1.0701e-14
161	162	2.5104e-14	-3.0023e-14
161	167	9.5054e-15	2.9764e-14
161	199	-8.3093e-14	-2.2636e-14
161	207	-1.3361e-15	6.2829e-15
161	210	-3.0203e-15	-1.1677e-15
162	139	1.7566e-14	-6.7242e-16
162	161	-2.5104e-14	3.0023e-14
162	168	4.9112e-15	-2.9477e-14
163	148	4.7537e-14	2.9306e-14
163	164	-1.0285e-14	-2.2764e-14
163	192	-2.9645e-14	2.9506e-15
164	163	1.0285e-14	2.2764e-14
164	165	9.6934e-15	-4.4475e-14
164	192	-1.3125e-14	2.2732e-14
164	217	-1.0652e-14	-1.1822e-14
165	144	2.2342e-14	-3.9039e-15
165	164	-9.6934e-15	4.4475e-14
165	183	5.7239e-15	-1.6397e-14
165	203	-2.4333e-14	-2.8233e-14
165	217	-1.4011e-14	6.0602e-15
166	120	7.6595e-14	1.8621e-14
166	140	1.4898e-14	-1.066e-14
166	174	-5.8889e-14	-6.6117e-14
166	186	-1.7644e-14	5.2298e-14
167	138	9.8181e-15	-1.0794e-14
167	154	8.052e-15	9.182e-15
167	160	-7.5119e-15	3.2367e-14
167	161	-9.5054e-15	-2.9764e-14
168	146	1.286e-14	-1.9413e-15
168	162	-4.9112e-15	2.9477e-14
168	171	-9.1697e-15	-2.4919e-14
169	146	3.8191e-15	4.2799e-15
169	147	1.5703e-14	-4.8367e-15
169	171	-1.8869e-15	-4.1212e-17
170	150	3.0668e-15	1.7189e-15
170	157	1.8579e-14	-1.7786e-14
170	177	-3.0029e-14	2.2688e-14
171	168	9.1697e-15	2.4919e-14
171	169	1.8869e-15	4.1212e-17
171	176	-3.865e-15	-2.6364e-14
171	198	-2.2379e-14	-6.5374e-15
172	159	2.3825e-14	1.4572e-15
172	173	1.8488e-14	-3.8784e-14
172	185	-2.4956e-14	5.1443e-14
172	208	-2.139e-14	-2.8366e-14
173	172	-1.8488e-14	3.8784e-14
174	166	5.8889e-14	6.6117e-14
174	175	3.7303e-14	-2.3685e-14
174	191	-5.517e-15	-4.0333e-14
174	228	-9.0595e-14	-1.7348e-14
175	135	3.9848e-14	-1.6217e-14
175	174	-3.7303e-14	2.3685e-14
175	191	-5.2009e-15	-3.3727e-15
176	149	4.6454e-14	-1.2486e-15
176	171	3.865e-15	2.6364e-14
176	177	6.6289e-15	-1.7968e-14
176	194	-2.1809e-14	-3.2256e-14
176	198	-3.3625e-14	3.8807e-14
177	170	3.0029e-14	-2.2688e-14
177	176	-6.6289e-15	1.7968e-14
177	194	-1.3687e-14	-3.8748e-16
178	145	3.5067e-14	1.3718e-14
178	179	8.4742e-15	-4.9518e-14
178	190	-2.9437e-14	3.1101e-14
179	129	3.658e-14	-3.102e-14
179	178	-8.4742e-15	4.9518e-14
179	202	-1.5477e-14	-2.9701e-14
180	156	6.9108e-14	2.6912e-14
180	160	3.377e-14	-3.4654e-14
180	205	8.8645e-16	6.6021e-15
180	212	-9.9626e-14	4.6728e-15
181	158	3.7393e-14	2.5632e-14
181	182	6.0779e-14	-6.7902e-14
181	197	-2.9495e-15	1.7066e-14
181	214	-1.0284e-13	3.7828e-14
182	137	2.0599e-14	2.0188e-15
182	181	-6.0779e-14	6.7902e-14
182	186	3.6204e-14	-5.2e-14
183	151	3.7558e-14	-2.707e-15
183	165	-5.7239e-15	1.6397e-14
183	190	-1.2067e-14	-2.2053e-14
183	203	-1.3011e-14	2.4717e-15
184	185	-1.2128e-14	-1.6115e-14
184	204	-1.3612e-14	4.511e-15
185	172	2.4956e-14	-5.1443e-14
185	184	1.2128e-14	1.6115e-14
185	204	-8.7502e-15	2.8007e-14
185	232	-3.3584e-14	7.1524e-15
185	233	-6.2111e-15	-6.8927e-15
186	128	2.1309e-14	2.0885e-15
186	166	1.7644e-14	-5.2298e-14
186	182	-3.6204e-14	5.2e-14
187	188	8.1768e-15	-2.7973e-14
187	221	-4.1304e-14	-1.0041e-15
188	187	-8.1768e-15	2.7973e-14
188	189	3.3316e-14	-2.2078e-14
188	215	-3.2328e-14	-4.6358e-15
189	130	2.5761e-14	-4.606e-15
189	188	-3.3316e-14	2.2078e-14
189	193	3.9967e-15	-1.6833e-14
190	178	2.9437e-14	-3.1101e-14
190	183	1.2067e-14	2.2053e-14
190	213	-4.7498e-14	1.5489e-14
191	174	5.517e-15	4.0333e-14
191	175	5.2009e-15	3.3727e-15
191	192	-1.0525e-15	-3.0116e-14
191	226	-1.1279e-14	-3.2945e-15
192	163	2.9645e-14	-2.9506e-15
192	164	1.3125e-14	-2.2732e-14
192	191	1.0525e-15	3.0116e-14
192	222	-5.1265e-15	-7.1556e-15
192	227	-3.9905e-14	2.2387e-15
193	152	1.6118e-14	-7.0148e-15
193	189	-3.9967e-15	1.6833e-14
193	205	-2.5598e-16	-5.4341e-15
193	206	-1.5785e-14	-8.1481e-15
194	176	2.1809e-14	3.2256e-14
194	177	1.3687e-14	3.8748e-16
194	195	-1.3679e-14	-4.3581e-14
194	236	-3.7293e-14	1.4632e-14
195	194	1.3679e-14	4.3581e-14
195	196	2.0452e-14	-1.5596e-14
195	218	-6.4982e-16	-2.2671e-14
195	245	-3.4048e-14	-6.6673e-15
196	195	-2.0452e-14	1.5596e-14
196	197	3.3701e-14	-1.4928e-14
196	218	-1.5332e-15	-1.0359e-15
197	158	2.88e-14	-7.6195e-15
197	181	2.9495e-15	-1.7066e-14
197	196	-3.3701e-14	1.4928e-14
197	214	-1.0491e-14	-8.7421e-15
198	171	2.2379e-14	6.5374e-15
198	176	3.3625e-14	-3.8807e-14
198	201	-5.0278e-14	3.7508e-14
199	161	8.3093e-14	2.2636e-14
199	200	-4.2553e-14	-7.2493e-14
199	210	-4.5009e-14	5.8407e-14
200	199	4.2553e-14	7.2493e-14
200	201	2.9601e-14	-5.2226e-14
200	255	-7.2672e-14	-3.8122e-14
200	267	-7.4954e-15	1.2148e-14
201	198	5.0278e-14	-3.7508e-14
201	200	-2.9601e-14	5.2226e-14
201	235	-9.403e-15	-1.8439e-14
202	179	1.5477e-14	2.9701e-14
202	204	-2.9042e-14	-2.5817e-14
203	165	2.4333e-14	2.8233e-14
203	183	1.3011e-14	-2.4717e-15
203	213	-4.79e-15	-1.2233e-14
203	219	-2.6883e-14	-9.4503e-15
204	184	1.3612e-14	-4.511e-15
204	185	8.7502e-15	-2.8007e-14
204	202	2.9042e-14	2.5817e-14
204	231	-4.2194e-14	8.9859e-15
205	180	-8.8645e-16	-6.6021e-15
205	193	2.5598e-16	5.4341e-15
205	206	-7.0072e-15	4.498e-15
206	193	1.5785e-14	8.1481e-15
206	205	7.0072e-15	-4.498e-15
206	211	-1.1305e-14	-2.4372e-15
207	160	1.6542e-14	3.7914e-15
207	161	1.3361e-15	-6.2829e-15
207	209	-1.6826e-14	-1.5188e-14
207	212	-7.8743e-15	1.4404e-14
208	172	2.139e-14	2.8366e-14
208	233	-1.3111e-14	1.2793e-14
209	207	1.6826e-14	1.5188e-14
209	210	5.23e-15	-8.3214e-14
210	161	3.0203e-15	1.1677e-15
210	199	4.5009e-14	-5.8407e-14
210	209	-5.23e-15	8.3214e-14
210	267	-1.5796e-14	-2.1459e-14
210	279	-2.9808e-14	8.4216e-15
211	206	1.1305e-14	2.4372e-15
211	212	3.4965e-14	-6.2584e-14
211	216	-4.9888e-14	5.8552e-14
212	180	9.9626e-14	-4.6728e-15
212	207	7.8743e-15	-1.4404e-14
212	211	-3.4965e-14	6.2584e-14
212	266	-4.2195e-14	-7.309e-15
213	190	4.7498e-14	-1.5489e-14
213	203	4.79e-15	1.2233e-14
213	219	-2.7683e-14	2.8674e-14
213	237	-4.1368e-14	-1.0308e-14
214	181	1.0284e-13	-3.7828e-14
214	197	1.0491e-14	8.7421e-15
214	218	-9.5224e-14	3.1177e-14
215	188	3.2328e-14	4.6358e-15
215	216	-1.0825e-14	-2.8038e-14
215	221	-1.0127e-14	2.3786e-14
216	211	4.9888e-14	-5.8552e-14
216	215	1.0825e-14	2.8038e-14
216	244	-3.1709e-14	3.9222e-14
216	269	-2.9464e-15	-7.9573e-15
216	274	-2.1185e-14	-3.6142e-15
217	164	1.0652e-14	1.1822e-14
217	165	1.4011e-14	-6.0602e-15
217	222	-4.1178e-15	5.585e-15
218	195	6.4982e-16	2.2671e-14
218	196	1.5332e-15	1.0359e-15
218	214	9.5224e-14	-3.1177e-14
218	246	-8.5091e-14	-1.2913e-16
219	203	2.6883e-14	9.4503e-15
219	213	2.7683e-14	-2.8674e-14
219	225	-6.8389e-14	3.1182e-14
219	237	-7.8988e-15	-2.7533e-14
220	221	-2.6518e-15	-3.0137e-14
220	252	-9.442e-15	-2.2844e-15
221	187	4.1304e-14	1.0041e-15
221	215	1.0127e-14	-2.3786e-14
221	220	2.6518e-15	3.0137e-14
221	243	-5.3141e-14	-1.6048e-14
221	252	-1.2803e-14	1.1018e-14
222	192	5.1265e-15	7.1556e-15
222	217	4.1178e-15	-5.585e-15
222	223	-1.0676e-14	-2.7435e-15
223	222	1.0676e-14	2.7435e-15
223	224	-5.8047e-15	-5.8462e-14
223	230	-6.8582e-15	4.4197e-14
224	223	5.8047e-15	5.8462e-14
224	225	2.636e-14	-7.4877e-14
224	276	-2.2689e-14	4.4949e-15
225	219	6.8389e-14	-3.1182e-14
225	224	-2.636e-14	7.4877e-14
225	258	-2.6875e-14	-5.483e-14
225	292	-1.9568e-14	1.8047e-15
226	191	1.1279e-14	3.2945e-15
226	227	-8.768e-16	-9.173e-15
226	229	-1.892e-14	1.3241e-14
227	192	3.9905e-14	-2.2387e-15
227	226	8.768e-16	9.173e-15
227	230	-3.8465e-14	-5.5141e-15
228	174	9.0595e-14	1.7348e-14
228	229	-4.1241e-14	-3.136e-14
228	251	-4.0862e-14	1.2543e-14
229	226	1.892e-14	-1.3241e-14
229	228	4.1241e-14	3.136e-14
229	234	-5.7396e-14	-4.1886e-14
229	251	-4.6379e-15	1.3765e-14
230	223	6.8582e-15	-4.4197e-14
230	227	3.8465e-14	5.5141e-15
230	234	-2.0771e-14	6.9401e-14
231	204	4.2194e-14	-8.9859e-15
231	232	9.5542e-15	-3.058e-14
231	241	-6.5011e-15	-7.0576e-15
232	185	3.3584e-14	-7.1524e-15
232	231	-9.5542e-15	3.058e-14
232	233	1.2458e-14	-3.8394e-14
232	241	-3.2266e-14	7.2416e-15
233	185	6.2111e-15	6.8927e-15
233	208	1.3111e-14	-1.2793e-14
233	232	-1.2458e-14	3.8394e-14
233	242	-4.8933e-15	-3.102e-14
234	229	5.7396e-14	4.1886e-14
234	230	2.0771e-14	-6.9401e-14
234	265	-7.585e-14	3.2753e-14
235	201	9.403e-15	1.8439e-14
235	236	6.1371e-15	-1.3978e-14
235	253	-5.1282e-15	-8.6679e-15
235	257	-1.8556e-14	1.9756e-16
236	194	3.7293e-14	-1.4632e-14
236	235	-6.1371e-15	1.3978e-14
236	253	-2.1657e-14	-1.9234e-15
237	213	4.1368e-14	1.0308e-14
237	219	7.8988e-15	2.7533e-14
237	239	-1.8993e-15	-5.1498e-14
237	259	-3.4379e-14	4.83e-14
238	258	9.0325e-16	-1.824e-15
239	237	1.8993e-15	5.1498e-14
239	240	4.8956e-16	-2.1723e-14
239	273	-5.0988e-14	5.0649e-16
240	239	-4.8956e-16	2.1723e-14
240	241	1.719e-14	-2.3386e-14
240	271	-1.5407e-14	3.1609e-15
241	231	6.5011e-15	7.0576e-15
241	232	3.2266e-14	-7.2416e-15
241	240	-1.719e-14	2.3386e-14
241	262	-1.2479e-14	-3.0681e-14
241	272	-7.8458e-15	-1.6109e-15
242	233	4.8933e-15	3.102e-14
242	261	-7.6312e-14	-5.5429e-15
243	221	5.3141e-14	1.6048e-14
243	244	1.524e-14	-5.6451e-14
243	260	-7.664e-14	4.6407e-14
244	216	3.1709e-14	-3.9222e-14
244	243	-1.524e-14	5.6451e-14
244	284	-3.0319e-14	-8.3833e-15
245	195	3.4048e-14	6.6673e-15
245	246	-7.3864e-15	-3.2952e-14
245	254	-3.4005e-14	3.319e-14
246	218	8.5091e-14	1.2913e-16
246	245	7.3864e-15	3.2952e-14
246	247	-1.061e-14	-6.2199e-14
246	281	-5.2809e-14	3.615e-14
246	298	-3.5209e-14	-1.7176e-14
246	305	-3.5209e-14	-1.7176e-14
247	246	1.061e-14	6.2199e-14
247	248	1.0966e-14	-6.1198e-14
247	298	-2.0934e-14	1.1276e-14
247	305	-2.0934e-14	1.1276e-14
248	247	-1.0966e-14	6.1198e-14
248	249	2.0336e-15	-3.5945e-14
248	286	-1.7444e-14	-1.1432e-14
249	248	-2.0336e-15	3.5945e-14
249	250	2.8502e-14	-2.0898e-14
249	264	2.8541e-15	-3.6248e-14
249	286	-2.4712e-14	1.2462e-14
250	249	-2.8502e-14	2.0898e-14
250	251	3.7222e-14	-1.0494e-14
250	264	-2.1627e-14	-1.2051e-14
251	228	4.0862e-14	-1.2543e-14
251	229	4.6379e-15	-1.3765e-14
251	250	-3.7222e-14	1.0494e-14
252	220	9.442e-15	2.2844e-15
252	221	1.2803e-14	-1.1018e-14
252	260	-2.0139e-14	-1.5849e-14
253	235	5.1282e-15	8.6679e-15
253	236	2.1657e-14	1.9234e-15
253	254	-2.2556e-18	-2.1927e-14
253	257	-7.8224e-15	1.3888e-14
253	268	-2.2124e-14	2.3555e-16
254	245	3.4005e-14	-3.319e-14
254	253	2.2556e-18	2.1927e-14
254	270	-3.5178e-14	2.9917e-15
255	200	7.2672e-14	3.8122e-14
255	256	-6.1252e-14	-4.2369e-14
255	283	-8.5914e-15	5.1018e-15
256	255	6.1252e-14	4.2369e-14
256	257	1.1723e-14	-2.0153e-14
256	277	-3.4323e-14	-5.8014e-14
256	283	3.8406e-15	3.6063e-14
256	298	-4.3924e-14	2.0735e-14
256	324	-4.3924e-14	2.0735e-14
257	235	1.8556e-14	-1.9756e-16
257	253	7.8224e-15	-1.3888e-14
257	256	-1.1723e-14	2.0153e-14
257	268	-8.0759e-15	-1.365e-14
258	225	2.6875e-14	5.483e-14
258	238	-9.0325e-16	1.824e-15
258	259	3.4814e-14	3.253e-14
259	237	3.4379e-14	-4.83e-14
259	258	-3.4814e-14	-3.253e-14
259	289	-1.381e-14	-2.2005e-14
259	296	-5.568e-14	7.318e-15
260	243	7.664e-14	-4.6407e-14
260	252	2.0139e-14	1.5849e-14
260	298	-6.9561e-14	-2.738e-14
260	301	-6.9561e-14	-2.738e-14
261	242	7.6312e-14	5.5429e-15
261	263	-3.8831e-14	3.4578e-14
262	241	1.2479e-14	3.0681e-14
262	263	-1.2594e-15	-2.4763e-14
262	280	-7.4265e-15	-2.9573e-15
263	261	3.8831e-14	-3.4578e-14
263	262	1.2594e-15	2.4763e-14
263	280	-2.1417e-15	2.044e-15
263	285	-2.9926e-14	-2.9268e-15
264	249	-2.8541e-15	3.6248e-14
264	250	2.1627e-14	1.2051e-14
264	265	2.1413e-14	-4.6466e-14
264	298	-4.1995e-14	1.1421e-14
264	304	-4.1995e-14	1.1421e-14
265	234	7.585e-14	-3.2753e-14
265	264	-2.1413e-14	4.6466e-14
265	297	-1.5813e-14	-2.0285e-14
265	317	-3.1934e-14	1.2566e-15
266	212	4.2195e-14	7.309e-15
266	269	-8.9682e-15	1.5608e-14
266	278	1.8839e-14	-1.2571e-14
266	298	-4.8628e-15	-8.4098e-15
266	307	-4.8628e-15	-8.4098e-15
267	200	7.4954e-15	-1.2148e-14
267	210	1.5796e-14	2.1459e-14
267	282	-2.557e-14	-5.1827e-15
268	253	2.2124e-14	-2.3555e-16
268	257	8.0759e-15	1.365e-14
268	270	2.824e-14	-7.9118e-14
268	277	-3.19e-14	5.4838e-14
268	298	-2.0721e-14	1.9946e-15
268	346	-2.0721e-14	1.9946e-15
269	216	2.9464e-15	7.9573e-15
269	266	8.9682e-15	-1.5608e-14
269	274	-9.0638e-15	1.0925e-14
270	254	3.5178e-14	-2.9917e-15
270	268	-2.824e-14	7.9118e-14
270	281	1.679e-14	-6.6373e-14
271	240	1.5407e-14	-3.1609e-15
271	272	1.232e-14	-9.0143e-15
271	273	-2.0129e-15	9.2197e-15
271	299	-1.2532e-14	-7.879e-15
271	311	-4.984e-15	9.5851e-16
271	312	-4.984e-15	9.5851e-16
272	241	7.8458e-15	1.6109e-15
272	271	-1.232e-14	9.0143e-15
272	280	-9.5604e-17	-1.1749e-14
273	239	5.0988e-14	-5.0649e-16
273	271	2.0129e-15	-9.2197e-15
273	289	6.9769e-15	2.4179e-14
273	298	-5.4213e-14	1.7887e-15
274	216	2.1185e-14	3.6142e-15
274	269	9.0638e-15	-1.0925e-14
274	284	-4.2024e-15	6.4271e-15
274	288	-3.3016e-14	4.389e-15
275	276	2.8853e-14	-2.1973e-14
275	306	-9.3023e-15	-2.0974e-14
275	325	-4.5383e-14	3.5139e-15
276	224	2.2689e-14	-4.4949e-15
276	275	-2.8853e-14	2.1973e-14
276	292	1.2667e-15	-2.6759e-15
276	293	-5.6264e-15	-1.2686e-14
277	256	3.4323e-14	5.8014e-14
277	268	3.19e-14	-5.4838e-14
277	340	-1.4509e-14	1.4275e-14
277	345	-5.1744e-14	-1.0582e-14
277	346	-3.2146e-15	-7.1771e-15
278	266	-1.8839e-14	1.2571e-14
278	279	3.9226e-15	-2.9718e-14
279	210	2.9808e-14	-8.4216e-15
279	278	-3.9226e-15	2.9718e-14
279	287	-2.7699e-14	-1.5064e-14
280	262	7.4265e-15	2.9573e-15
280	263	2.1417e-15	-2.044e-15
280	272	9.5604e-17	1.1749e-14
280	285	-9.8869e-15	-2.8651e-14
280	298	-8.7544e-15	7.8241e-16
280	300	-8.7544e-15	7.8241e-16
281	246	5.2809e-14	-3.615e-14
281	270	-1.679e-14	6.6373e-14
281	298	-4.2051e-14	-2.0514e-14
281	326	-4.2051e-14	-2.0514e-14
282	267	2.557e-14	5.1827e-15
282	283	-4.6653e-16	-4.1409e-14
282	287	2.4075e-15	5.1569e-14
282	298	-2.4768e-14	-1.1017e-14
282	321	-2.4768e-14	-1.1017e-14
283	255	8.5914e-15	-5.1018e-15
283	256	-3.8406e-15	-3.6063e-14
283	282	4.6653e-16	4.1409e-14
283	298	-7.6972e-15	3.6335e-15
283	321	-7.6972e-15	3.6335e-15
284	244	3.0319e-14	8.3833e-15
284	274	4.2024e-15	-6.4271e-15
284	288	-6.6254e-15	-1.0522e-14
284	298	-1.605e-14	2.1336e-15
284	302	-1.605e-14	2.1336e-15
285	263	2.9926e-14	2.9268e-15
285	280	9.8869e-15	2.8651e-14
285	294	-4.2971e-14	-6.1544e-15
286	248	1.7444e-14	1.1432e-14
286	249	2.4712e-14	-1.2462e-14
286	303	-1.1092e-14	-2.4125e-14
286	309	-2.7838e-14	2.5494e-14
287	279	2.7699e-14	1.5064e-14
287	282	-2.4075e-15	-5.1569e-14
287	298	-2.0434e-14	2.9401e-14
287	307	-2.0434e-14	2.9401e-14
288	274	3.3016e-14	-4.389e-15
288	284	6.6254e-15	1.0522e-14
288	290	-8.5227e-15	-7.8475e-14
288	298	-3.8328e-14	5.8618e-14
288	302	-3.8328e-14	5.8618e-14
289	259	1.381e-14	2.2005e-14
289	273	-6.9769e-15	-2.4179e-14
289	296	-3.6537e-15	5.5699e-15
290	288	8.5227e-15	7.8475e-14
290	291	6.7679e-15	-7.1661e-14
290	298	-1.4857e-14	8.8647e-15
290	359	-1.4857e-14	8.8647e-15
291	290	-6.7679e-15	7.1661e-14
291	314	8.7986e-15	-2.6658e-14
291	338	-5.5011e-14	-4.1067e-14
291	373	-1.9959e-14	6.3207e-15
292	225	1.9568e-14	-1.8047e-15
292	276	-1.2667e-15	2.6759e-15
292	293	-1.8872e-14	-2.3277e-16
293	276	5.6264e-15	1.2686e-14
293	292	1.8872e-14	2.3277e-16
293	295	-9.972e-15	-8.1497e-15
293	298	-5.1523e-15	3.9238e-15
293	306	-5.1523e-15	3.9238e-15
294	285	4.2971e-14	6.1544e-15
294	300	9.1323e-16	9.0207e-15
294	319	-6.2118e-14	2.8119e-14
295	293	9.972e-15	8.1497e-15
295	296	2.5948e-15	-1.7573e-14
295	298	-7.3483e-15	2.2294e-15
295	310	-7.3483e-15	2.2294e-15
296	259	5.568e-14	-7.318e-15
296	289	3.6537e-15	-5.5699e-15
296	295	-2.5948e-15	1.7573e-14
296	298	-5.6662e-14	1.719e-14
296	313	-5.6662e-14	1.719e-14
297	265	1.5813e-14	2.0285e-14
297	317	-7.6459e-15	1.1582e-14
298	246	3.5209e-14	1.7176e-14
298	247	2.0934e-14	-1.1276e-14
298	256	4.3924e-14	-2.0735e-14
298	260	6.9561e-14	2.738e-14
298	264	4.1995e-14	-1.1421e-14
298	266	4.8628e-15	8.4098e-15
298	268	2.0721e-14	-1.9946e-15
298	273	5.4213e-14	-1.7887e-15
298	280	8.7544e-15	-7.8241e-16
298	281	4.2051e-14	2.0514e-14
298	282	2.4768e-14	1.1017e-14
298	283	7.6972e-15	-3.6335e-15
298	284	1.605e-14	-2.1336e-15
298	287	2.0434e-14	-2.9401e-14
298	288	3.8328e-14	-5.8618e-14
298	290	1.4857e-14	-8.8647e-15
298	293	5.1523e-15	-3.9238e-15
298	295	7.3483e-15	-2.2294e-15
298	296	5.6662e-14	-1.719e-14
298	303	1.1092e-14	2.4125e-14
298	304	4.1995e-14	-1.1421e-14
298	309	2.7838e-14	-2.5494e-14
298	311	4.984e-15	-9.5851e-16
298	312	4.984e-15	-9.5851e-16
298	313	5.6662e-14	-1.719e-14
298	315	1.9285e-14	-4.927e-15
298	319	6.2118e-14	-2.8119e-14
298	324	4.3924e-14	-2.0735e-14
298	325	4.5383e-14	-3.5139e-15
298	326	4.2051e-14	2.0514e-14
298	334	1.0604e-14	4.8433e-15
298	338	5.5011e-14	4.1067e-14
298	340	1.4509e-14	-1.4275e-14
298	350	7.5846e-14	-1.2343e-14
298	353	1.2228e-15	-3.4368e-15
298	359	1.4857e-14	-8.8647e-15
298	362	1.276e-14	-3.5862e-14
298	373	1.9959e-14	-6.3207e-15
298	397	4.8695e-14	-9.6538e-15
298	411	6.2221e-14	-4.8093e-14
298	423	-1.1523e-15	-4.6393e-14
298	429	-1.7338e-14	2.0649e-14
298	437	3.7709e-15	-2.3457e-15
298	438	6.7509e-16	2.0528e-14
298	476	-7.9468e-16	6.8163e-14
298	512	3.1412e-14	-1.5373e-14
298	516	-2.7139e-15	2.3715e-14
298	528	-1.9719e-14	1.1178e-14
298	544	7.5616e-15	-5.646e-15
298	545	-9.8471e-15	2.968e-14
298	558	1.3372e-15	-2.6691e-14
298	559	-1.324e-14	-1.0552e-14
298	560	2.4364e-14	-4.6015e-15
298	561	3.2239e-14	3.0387e-15
298	576	-1.1777e-14	8.534e-15
298	621	6.8925e-15	1.5667e-14
298	622	-3.3682e-14	-6.1096e-15
298	623	-2.8643e-14	-8.0539e-15
298	630	-7.3e-14	4.8885e-15
298	641	-2.046e-14	-3.0526e-14
298	675	-1.037e-14	-2.0985e-14
298	681	1.5072e-14	-5.0825e-14
298	690	-9.9517e-15	-1.3121e-14
298	691	-1.0557e-14	-1.8689e-14
298	692	-3.3168e-14	6.3456e-15
298	699	-3.0174e-15	3.3634e-14
298	716	-1.0878e-14	-2.1662e-14
298	717	-1.0495e-14	-1.6663e-15
298	728	8.4515e-15	3.1451e-14
298	750	1.2258e-14	-2.9471e-14
298	753	1.7193e-14	3.3872e-14
298	756	1.731e-14	-3.6201e-14
298	763	-2.789e-14	4.9913e-14
298	768	-2.4777e-14	-1.2914e-14
298	769	-2.789e-14	4.9913e-14
298	777	-1.4715e-14	-6.5296e-15
298	778	4.7209e-14	-5.211e-14
298	779	1.3826e-14	-3.2022e-14
298	784	-1.6983e-14	-8.8515e-15
298	786	-1.6084e-14	6.5501e-15
298	787	9.1271e-15	-4.1839e-14
298	791	-3.9871e-15	-5.0362e-15
298	794	-1.6222e-14	-3.0856e-14
298	795	-5.5499e-14	1.5314e-14
298	797	2.1578e-14	2.7991e-14
298	798	-6.233e-15	-5.0301e-15
298	806	1.6576e-14	4.8892e-14
298	808	-2.8364e-14	-2.319e-14
298	809	-2.9e-14	2.2551e-15
298	811	-5.2437e-14	1.7352e-14
298	812	-2.7505e-14	-5.2394e-14
298	815	-5.9614e-14	3.4228e-14
298	816	-1.4164e-14	3.508e-15
298	818	-3.0349e-14	8.3742e-15
298	820	-1.4497e-14	1.0832e-14
298	821	-2.4281e-14	1.3447e-14
299	271	1.2532e-14	7.879e-15
299	300	7.5488e-15	-1.1265e-14
299	315	-1.9285e-14	4.927e-15
300	280	8.7544e-15	-7.8241e-16
300	294	-9.1323e-16	-9.0207e-15
300	299	-7.5488e-15	1.1265e-14
301	260	6.9561e-14	2.738e-14
301	302	-2.6761e-15	-6.1004e-14
301	329	-1.5628e-14	3.6283e-14
301	370	-4.077e-14	8.0324e-15
302	284	1.605e-14	-2.1336e-15
302	288	3.8328e-14	-5.8618e-14
302	301	2.6761e-15	6.1004e-14
302	358	-4.5395e-14	-9.9423e-15
303	286	1.1092e-14	2.4125e-14
303	298	-1.1092e-14	-2.4125e-14
303	304	3.0697e-14	-1.6523e-14
303	316	1.4791e-15	-4.9605e-14
303	330	-4.319e-14	3.9553e-14
304	264	4.1995e-14	-1.1421e-14
304	298	-4.1995e-14	1.1421e-14
304	303	-3.0697e-14	1.6523e-14
304	316	-1.889e-15	-1.167e-15
305	246	3.5209e-14	1.7176e-14
305	247	2.0934e-14	-1.1276e-14
305	308	-2.8176e-14	-1.3504e-14
305	326	-1.8061e-14	1.2363e-14
306	275	9.3023e-15	2.0974e-14
306	293	5.1523e-15	-3.9238e-15
306	310	-1.5736e-14	-1.6443e-14
307	266	4.8628e-15	8.4098e-15
307	287	2.0434e-14	-2.9401e-14
307	314	-2.1683e-14	1.9768e-14
308	305	2.8176e-14	1.3504e-14
308	309	1.958e-14	-4.546e-14
308	326	1.8224e-15	2.3721e-14
308	347	-3.3832e-14	2.3159e-14
308	348	-1.4871e-14	-1.8264e-14
309	286	2.7838e-14	-2.5494e-14
309	298	-2.7838e-14	2.5494e-14
309	308	-1.958e-14	4.546e-14
309	330	-6.6472e-15	-1.4458e-14
310	295	7.3483e-15	-2.2294e-15
310	306	1.5736e-14	1.6443e-14
310	313	3.8112e-15	-2.581e-14
310	328	-4.2805e-14	1.493e-14
311	271	4.984e-15	-9.5851e-16
311	298	-4.984e-15	9.5851e-16
311	315	-5.1799e-15	-5.256e-14
311	320	-1.2017e-14	3.4527e-14
312	271	4.984e-15	-9.5851e-16
312	298	-4.984e-15	9.5851e-16
313	296	5.6662e-14	-1.719e-14
313	298	-5.6662e-14	1.719e-14
313	310	-3.8112e-15	2.581e-14
313	320	-6.893e-15	-7.983e-15
313	331	-5.1532e-14	2.6411e-16
314	291	-8.7986e-15	2.6658e-14
314	307	2.1683e-14	-1.9768e-14
314	334	-1.0604e-14	-4.8433e-15
315	298	-1.9285e-14	4.927e-15
315	299	1.9285e-14	-4.927e-15
315	311	5.1799e-15	5.256e-14
315	318	1.5865e-14	-4.7862e-14
315	363	-3.3652e-14	-2.9613e-15
316	303	-1.4791e-15	4.9605e-14
316	304	1.889e-15	1.167e-15
316	317	1.4667e-14	-1.2315e-14
316	322	-1.3439e-14	-4.881e-14
316	376	-6.0556e-15	2.296e-15
317	265	3.1934e-14	-1.2566e-15
317	297	7.6459e-15	-1.1582e-14
317	316	-1.4667e-14	1.2315e-14
317	322	-2.21e-14	-3.5911e-15
318	315	-1.5865e-14	4.7862e-14
318	319	2.194e-14	-4.3127e-14
318	357	-7.57e-15	-2.1303e-15
319	294	6.2118e-14	-2.8119e-14
319	298	-6.2118e-14	2.8119e-14
319	318	-2.194e-14	4.3127e-14
319	341	-3.7924e-14	-1.7559e-14
320	311	1.2017e-14	-3.4527e-14
320	313	6.893e-15	7.983e-15
320	332	-1.3719e-14	3.6355e-14
320	355	-5.8902e-14	1.5795e-14
321	282	2.4768e-14	1.1017e-14
321	283	7.6972e-15	-3.6335e-15
321	324	-1.4696e-15	-1.38e-14
321	336	-2.6434e-14	6.742e-15
322	316	1.3439e-14	4.881e-14
322	317	2.21e-14	3.5911e-15
322	323	1.0993e-14	-2.4272e-14
323	322	-1.0993e-14	2.4272e-14
323	333	-1.5459e-15	-1.1181e-14
324	256	4.3924e-14	-2.0735e-14
324	298	-4.3924e-14	2.0735e-14
324	321	1.4696e-15	1.38e-14
324	337	-4.4602e-14	1.823e-14
324	340	-7.1334e-15	-1.2929e-14
325	275	4.5383e-14	-3.5139e-15
325	298	-4.5383e-14	3.5139e-15
325	327	-2.647e-14	-2.6127e-14
325	333	-1.9881e-14	2.2286e-14
326	281	4.2051e-14	2.0514e-14
326	298	-4.2051e-14	-2.0514e-14
326	305	1.8061e-14	-1.2363e-14
326	308	-1.8224e-15	-2.3721e-14
326	347	-4.0119e-14	-1.9227e-14
327	325	2.647e-14	2.6127e-14
327	328	-2.4245e-14	-3.1191e-14
327	352	-3.3031e-15	2.5344e-15
328	310	4.2805e-14	-1.493e-14
328	327	2.4245e-14	3.1191e-14
328	339	-3.9092e-14	-2.7723e-14
328	361	-1.5937e-14	1.1591e-14
329	301	1.5628e-14	-3.6283e-14
330	303	4.319e-14	-3.9553e-14
330	309	6.6472e-15	1.4458e-14
330	348	-3.1033e-14	4.006e-14
330	376	-2.9352e-15	-1.9607e-14
330	390	-1.3424e-14	-4.8537e-15
331	313	5.1532e-14	-2.6411e-16
331	332	-1.3621e-14	-2.8046e-14
331	339	-2.7528e-14	2.2333e-14
332	320	1.3719e-14	-3.6355e-14
332	331	1.3621e-14	2.8046e-14
332	355	-1.4175e-14	-1.1604e-14
332	360	-1.5289e-14	9.5783e-15
333	323	1.5459e-15	1.1181e-14
333	325	1.9881e-14	-2.2286e-14
333	344	-2.0667e-14	6.1299e-15
334	298	-1.0604e-14	-4.8433e-15
334	314	1.0604e-14	4.8433e-15
334	335	-6.8233e-15	-2.764e-14
334	338	-1.9868e-15	1.8676e-14
334	351	-4.7171e-15	3.2637e-15
335	334	6.8233e-15	2.764e-14
335	336	3.5491e-14	-4.8318e-14
335	356	-3.5443e-14	3.0543e-14
335	388	-1.4899e-14	-5.2021e-15
336	321	2.6434e-14	-6.742e-15
336	335	-3.5491e-14	4.8318e-14
336	337	1.3423e-14	-5.1286e-14
337	324	4.4602e-14	-1.823e-14
337	336	-1.3423e-14	5.1286e-14
337	349	-2.5839e-14	-3.4397e-14
338	291	5.5011e-14	4.1067e-14
338	298	-5.5011e-14	-4.1067e-14
338	334	1.9868e-15	-1.8676e-14
338	351	-5.2411e-14	-3.1115e-14
338	373	-4.4583e-15	1.363e-14
339	328	3.9092e-14	2.7723e-14
339	331	2.7528e-14	-2.2333e-14
339	360	-2.4428e-14	-7.1266e-14
339	361	2.7987e-16	4.6787e-14
340	277	1.4509e-14	-1.4275e-14
340	298	-1.4509e-14	1.4275e-14
340	324	7.1334e-15	1.2929e-14
340	349	-2.0898e-14	5.29e-15
341	319	3.7924e-14	1.7559e-14
341	342	8.2487e-15	-2.6308e-14
341	357	-1.9675e-15	6.1147e-15
341	371	-3.7692e-14	4.7096e-15
342	341	-8.2487e-15	2.6308e-14
342	343	8.8304e-15	-1.0124e-14
342	353	-5.5922e-15	-1.2397e-14
343	342	-8.8304e-15	1.0124e-14
343	353	-9.7593e-15	-2.8857e-15
344	333	2.0667e-14	-6.1299e-15
344	352	7.747e-18	-9.2515e-16
344	354	-2.0871e-14	-1.5256e-14
345	277	5.1744e-14	1.0582e-14
345	346	2.6629e-14	-2.4621e-14
345	350	-7.5846e-14	1.2343e-14
346	268	2.0721e-14	-1.9946e-15
346	277	3.2146e-15	7.1771e-15
346	345	-2.6629e-14	2.4621e-14
347	308	3.3832e-14	-2.3159e-14
347	326	4.0119e-14	1.9227e-14
347	369	-6.647e-14	1.0709e-14
347	372	-1.2167e-14	-1.4944e-14
348	308	1.4871e-14	1.8264e-14
348	330	3.1033e-14	-4.006e-14
348	372	-3.6384e-14	2.4906e-14
348	392	-1.2756e-14	-6.5528e-15
349	337	2.5839e-14	3.4397e-14
349	340	2.0898e-14	-5.29e-15
349	350	-1.6522e-14	-2.6799e-14
349	386	-2.4573e-14	7.1016e-16
350	298	-7.5846e-14	1.2343e-14
350	345	7.5846e-14	-1.2343e-14
350	349	1.6522e-14	2.6799e-14
350	365	-1.5568e-14	-2.7547e-14
350	386	-1.5851e-14	2.9383e-14
350	399	-6.582e-14	-3.2047e-16
351	334	4.7171e-15	-3.2637e-15
351	338	5.2411e-14	3.1115e-14
351	356	-2.152e-14	-5.9315e-14
351	391	-3.1214e-14	4.0421e-14
352	327	3.3031e-15	-2.5344e-15
352	344	-7.747e-18	9.2515e-16
352	354	-4.6595e-15	1.5274e-15
353	298	-1.2228e-15	3.4368e-15
353	342	5.5922e-15	1.2397e-14
353	343	9.7593e-15	2.8857e-15
353	362	-1.5624e-14	-2.7254e-15
354	344	2.0871e-14	1.5256e-14
354	352	4.6595e-15	-1.5274e-15
354	361	1.7313e-14	-6.0456e-14
354	383	-1.6536e-14	4.7144e-14
354	436	-3.2956e-14	2.7342e-15
355	320	5.8902e-14	-1.5795e-14
355	332	1.4175e-14	1.1604e-14
355	360	-2.3071e-15	3.6485e-14
355	380	-3.7506e-14	-3.1299e-14
355	420	-1.5203e-14	7.5409e-15
356	335	3.5443e-14	-3.0543e-14
356	351	2.152e-14	5.9315e-14
356	388	-3.8912e-15	-2.049e-14
356	412	-4.889e-14	-2.2563e-14
357	318	7.57e-15	2.1303e-15
357	341	1.9675e-15	-6.1147e-15
357	364	-7.7903e-15	9.7338e-16
358	302	4.5395e-14	9.9423e-15
358	359	9.985e-15	-1.222e-14
358	374	-1.5984e-14	-2.492e-14
358	378	-1.9626e-14	2.9947e-14
358	397	-3.6191e-14	-1.902e-15
359	290	1.4857e-14	-8.8647e-15
359	298	-1.4857e-14	8.8647e-15
359	358	-9.985e-15	1.222e-14
359	373	-5.5272e-16	-4.0064e-15
360	332	1.5289e-14	-9.5783e-15
360	339	2.4428e-14	7.1266e-14
360	355	2.3071e-15	-3.6485e-14
360	420	-3.5396e-14	-2.3534e-14
361	328	1.5937e-14	-1.1591e-14
361	339	-2.7987e-16	-4.6787e-14
361	354	-1.7313e-14	6.0456e-14
362	298	-1.276e-14	3.5862e-14
362	353	1.5624e-14	2.7254e-15
362	377	-8.6013e-15	3.045e-14
362	407	-1.9909e-14	5.0476e-15
363	315	3.3652e-14	2.9613e-15
363	364	-4.1988e-15	-6.3504e-15
363	379	-3.2172e-14	-1.2435e-15
364	357	7.7903e-15	-9.7338e-16
364	363	4.1988e-15	6.3504e-15
364	371	1.2315e-14	-3.8273e-14
364	379	-1.6196e-14	4.254e-14
364	419	-1.3832e-14	-5.3462e-15
365	350	1.5568e-14	2.7547e-14
365	366	-2.3033e-14	-2.2097e-14
365	398	-1.2894e-14	1.2272e-15
366	365	2.3033e-14	2.2097e-14
366	367	-2.3619e-14	-5.1969e-14
366	398	-7.8816e-15	2.2649e-14
367	366	2.3619e-14	5.1969e-14
367	368	4.6334e-14	-5.2502e-14
367	430	-2.5092e-14	3.8831e-14
367	445	-4.8937e-14	-1.9439e-14
368	367	-4.6334e-14	5.2502e-14
368	369	7.3633e-14	-1.3503e-14
368	393	-1.0542e-14	-4.5992e-14
368	446	-1.5256e-14	-6.06e-15
369	347	6.647e-14	-1.0709e-14
369	368	-7.3633e-14	1.3503e-14
369	372	6.5758e-15	-1.7268e-14
370	301	4.077e-14	-8.0324e-15
370	378	-1.3635e-14	-1.8454e-14
371	341	3.7692e-14	-4.7096e-15
371	364	-1.2315e-14	3.8273e-14
371	377	-1.3615e-14	-3.5207e-14
371	401	-1.0162e-14	-2.0248e-15
372	347	1.2167e-14	1.4944e-14
372	348	3.6384e-14	-2.4906e-14
372	369	-6.5758e-15	1.7268e-14
372	394	-4.4345e-14	2.3839e-15
372	396	-7.9481e-15	-8.779e-15
373	291	1.9959e-14	-6.3207e-15
373	298	-1.9959e-14	6.3207e-15
373	338	4.4583e-15	-1.363e-14
373	359	5.5272e-16	4.0064e-15
373	375	-2.9786e-14	1.3394e-14
374	358	1.5984e-14	2.492e-14
374	375	1.8304e-14	-7.1525e-14
374	397	-2.73e-14	3.4083e-14
375	373	2.9786e-14	-1.3394e-14
375	374	-1.8304e-14	7.1525e-14
375	391	-4.5101e-15	-4.2784e-14
375	429	-1.1286e-14	-2.5251e-15
376	316	6.0556e-15	-2.296e-15
376	330	2.9352e-15	1.9607e-14
376	387	-1.3017e-14	-3.2443e-15
377	362	8.6013e-15	-3.045e-14
377	371	1.3615e-14	3.5207e-14
377	402	-1.3024e-14	2.3237e-15
378	358	1.9626e-14	-2.9947e-14
378	370	1.3635e-14	1.8454e-14
378	395	-2.4412e-14	5.2959e-15
379	363	3.2172e-14	1.2435e-15
379	364	1.6196e-14	-4.254e-14
379	381	-2.7739e-14	4.6151e-14
379	424	-1.6266e-14	-3.5699e-15
380	355	3.7506e-14	3.1299e-14
380	381	-1.7765e-14	-5.0831e-14
380	421	-2.1915e-14	1.4157e-14
380	428	-1.3312e-14	-3.9231e-15
381	379	2.7739e-14	-4.6151e-14
381	380	1.7765e-14	5.0831e-14
381	424	-7.8127e-15	-1.8135e-14
381	428	-1.3974e-14	1.992e-14
381	444	-2.0793e-14	-2.4401e-15
382	383	-7.3242e-15	-7.4343e-15
382	385	-1.4721e-14	3.8269e-15
383	354	1.6536e-14	-4.7144e-14
383	382	7.3242e-15	7.4343e-15
383	385	-1.5564e-14	5.6401e-14
383	433	-2.1283e-14	3.9682e-15
384	385	-2.4829e-14	-3.0035e-14
384	387	-1.3572e-15	3.0168e-14
385	382	1.4721e-14	-3.8269e-15
385	383	1.5564e-14	-5.6401e-14
385	384	2.4829e-14	3.0035e-14
385	417	-4.7672e-14	1.3992e-14
386	349	2.4573e-14	-7.1016e-16
386	350	1.5851e-14	-2.9383e-14
386	389	-6.6707e-15	2.3661e-14
386	405	-3.1788e-14	6.4445e-15
387	376	1.3017e-14	3.2443e-15
387	384	1.3572e-15	-3.0168e-14
387	390	1.0743e-15	2.3383e-14
388	335	1.4899e-14	5.2021e-15
388	356	3.8912e-15	2.049e-14
388	389	-7.5312e-16	-2.3064e-14
388	410	-1.2014e-14	-5.6461e-16
389	386	6.6707e-15	-2.3661e-14
389	388	7.5312e-16	2.3064e-14
389	403	-1.0462e-14	3.1198e-15
390	330	1.3424e-14	4.8537e-15
390	387	-1.0743e-15	-2.3383e-14
390	392	-8.2059e-15	1.3957e-14
391	351	3.1214e-14	-4.0421e-14
391	375	4.5101e-15	4.2784e-14
391	429	-1.8413e-14	1.6407e-14
392	348	1.2756e-14	6.5528e-15
392	390	8.2059e-15	-1.3957e-14
392	396	-2.6677e-14	1.3426e-14
393	368	1.0542e-14	4.5992e-14
393	394	4.4804e-14	-1.5492e-14
393	418	-6.1643e-14	-3.8787e-14
394	372	4.4345e-14	-2.3839e-15
394	393	-4.4804e-14	1.5492e-14
394	400	-1.1177e-14	-1.2345e-14
395	378	2.4412e-14	-5.2959e-15
395	397	5.6335e-15	-1.7348e-14
396	372	7.9481e-15	8.779e-15
396	392	2.6677e-14	-1.3426e-14
396	400	-2.5868e-14	1.3906e-15
397	298	-4.8695e-14	9.6538e-15
397	358	3.6191e-14	1.902e-15
397	374	2.73e-14	-3.4083e-14
397	395	-5.6335e-15	1.7348e-14
398	365	1.2894e-14	-1.2272e-15
398	366	7.8816e-15	-2.2649e-14
398	399	9.5043e-15	2.1593e-14
398	426	-2.6009e-14	9.3682e-15
399	350	6.582e-14	3.2047e-16
399	398	-9.5043e-15	-2.1593e-14
399	409	-6.6131e-14	1.6991e-14
400	394	1.1177e-14	1.2345e-14
400	396	2.5868e-14	-1.3906e-15
400	413	-1.8455e-14	-6.5629e-15
400	418	-2.813e-15	1.9507e-15
401	371	1.0162e-14	2.0248e-15
401	402	-1.7137e-14	-2.8948e-14
401	419	-2.7094e-15	5.1607e-15
402	377	1.3024e-14	-2.3237e-15
402	401	1.7137e-14	2.8948e-14
402	406	-3.6559e-14	-2.0493e-14
402	427	-1.421e-14	1.2839e-14
403	389	1.0462e-14	-3.1198e-15
403	404	-1.5958e-14	-1.3453e-14
403	410	-2.0857e-17	6.8834e-15
404	403	1.5958e-14	1.3453e-14
404	405	1.7564e-14	-1.4619e-14
404	408	-6.4405e-15	-1.6654e-14
404	422	-6.5489e-15	2.2665e-14
404	434	-6.9322e-15	3.0425e-16
405	386	3.1788e-14	-6.4445e-15
405	404	-1.7564e-14	1.4619e-14
405	408	-1.9267e-14	-4.9982e-15
406	402	3.6559e-14	2.0493e-14
406	407	1.9568e-14	-9.8062e-15
406	423	-5.9293e-15	-5.9658e-14
406	427	3.2864e-15	2.9237e-14
406	467	-4.4245e-14	2.4211e-14
407	362	1.9909e-14	-5.0476e-15
407	406	-1.9568e-14	9.8062e-15
407	411	-5.4341e-15	-1.1451e-14
408	404	6.4405e-15	1.6654e-14
408	405	1.9267e-14	4.9982e-15
408	409	3.0512e-14	-3.1884e-14
408	425	-1.1277e-15	-1.1696e-14
408	434	-1.1412e-14	1.7457e-14
408	459	-3.8543e-14	1.6916e-15
409	399	6.6131e-14	-1.6991e-14
409	408	-3.0512e-14	3.1884e-14
409	425	-3.9337e-14	-1.3635e-14
410	388	1.2014e-14	5.6461e-16
410	403	2.0857e-17	-6.8834e-15
410	412	9.2094e-15	2.3101e-14
410	422	-2.6584e-14	-1.1942e-14
411	298	-6.2221e-14	4.8093e-14
411	407	5.4341e-15	1.1451e-14
411	423	-7.6488e-14	4.6228e-14
412	356	4.889e-14	2.2563e-14
412	410	-9.2094e-15	-2.3101e-14
412	432	-3.6795e-14	-1.4141e-15
413	400	1.8455e-14	6.5629e-15
413	414	-1.5502e-14	-7.0669e-14
413	418	8.8567e-15	3.0666e-14
413	465	-1.5072e-14	2.3086e-14
413	490	-4.3698e-15	-1.6721e-15
414	413	1.5502e-14	7.0669e-14
414	415	2.2887e-14	-3.2314e-14
414	458	-4.2022e-14	-3.1862e-14
415	414	-2.2887e-14	3.2314e-14
415	416	2.9883e-14	-3.6156e-14
415	455	-1.4744e-15	-1.118e-15
416	415	-2.9883e-14	3.6156e-14
416	417	4.6201e-14	-2.8722e-14
416	443	-1.5798e-14	-6.8231e-15
417	385	4.7672e-14	-1.3992e-14
417	416	-4.6201e-14	2.8722e-14
417	433	2.6123e-15	-6.727e-15
417	441	-1.523e-14	-4.9233e-15
418	393	6.1643e-14	3.8787e-14
418	400	2.813e-15	-1.9507e-15
418	413	-8.8567e-15	-3.0666e-14
418	446	-2.4029e-15	1.5263e-14
418	465	-4.4798e-14	-6.7069e-15
419	364	1.3832e-14	5.3462e-15
419	401	2.7094e-15	-5.1607e-15
419	424	-5.5307e-15	2.5822e-14
419	427	-1.0445e-14	-1.3875e-14
420	355	1.5203e-14	-7.5409e-15
420	360	3.5396e-14	2.3534e-14
420	421	-3.878e-14	-4.0619e-14
420	452	-3.6617e-14	5.5399e-15
421	380	2.1915e-14	-1.4157e-14
421	420	3.878e-14	4.0619e-14
421	431	-5.3513e-14	-1.5771e-14
422	404	6.5489e-15	-2.2665e-14
422	410	2.6584e-14	1.1942e-14
422	432	6.0081e-15	3.1066e-14
422	434	-2.0793e-14	-2.6424e-14
422	469	-8.0419e-15	5.52e-15
423	298	1.1523e-15	4.6393e-14
423	406	5.9293e-15	5.9658e-14
423	411	7.6488e-14	-4.6228e-14
423	477	-1.1523e-15	-4.6393e-14
423	497	-8.0307e-14	3.3857e-14
424	379	1.6266e-14	3.5699e-15
424	381	7.8127e-15	1.8135e-14
424	419	5.5307e-15	-2.5822e-14
424	444	-2.0849e-15	2.7979e-15
424	454	-3.7742e-14	-6.639e-16
425	408	1.1277e-15	1.1696e-14
425	409	3.9337e-14	1.3635e-14
425	426	3.548e-14	-3.7959e-14
425	464	-7.0062e-14	3.075e-15
426	398	2.6009e-14	-9.3682e-15
426	425	-3.548e-14	3.7959e-14
426	430	2.0499e-16	-1.8688e-14
427	402	1.421e-14	-1.2839e-14
427	406	-3.2864e-15	-2.9237e-14
427	419	1.0445e-14	1.3875e-14
427	457	-1.6487e-14	9.022e-15
428	380	1.3312e-14	3.9231e-15
428	381	1.3974e-14	-1.992e-14
428	431	-2.6578e-14	1.717e-14
429	298	1.7338e-14	-2.0649e-14
429	375	1.1286e-14	2.5251e-15
429	391	1.8413e-14	-1.6407e-14
429	435	-1.7338e-14	2.0649e-14
429	437	-1.5914e-14	-2.9108e-15
430	367	2.5092e-14	-3.8831e-14
430	426	-2.0499e-16	1.8688e-14
430	468	-2.373e-14	1.6436e-14
431	421	5.3513e-14	1.5771e-14
431	428	2.6578e-14	-1.717e-14
431	453	-1.5678e-14	-2.6198e-14
432	412	3.6795e-14	1.4141e-15
432	422	-6.0081e-15	-3.1066e-14
432	440	-3.5142e-14	1.8647e-14
433	383	2.1283e-14	-3.9682e-15
433	417	-2.6123e-15	6.727e-15
433	436	-9.0056e-17	-7.2159e-15
433	442	-4.1376e-15	-1.3375e-15
434	404	6.9322e-15	-3.0425e-16
434	408	1.1412e-14	-1.7457e-14
434	422	2.0793e-14	2.6424e-14
434	459	-1.3115e-14	-3.3912e-14
434	475	-2.4126e-14	1.656e-14
435	429	1.7338e-14	-2.0649e-14
436	354	3.2956e-14	-2.7342e-15
436	433	9.0056e-17	7.2159e-15
436	442	-5.4893e-15	4.0471e-15
436	447	-2.641e-14	-8.5375e-15
437	298	-3.7709e-15	2.3457e-15
437	429	1.5914e-14	2.9108e-15
437	438	-8.8828e-15	-4.7463e-15
438	298	-6.7509e-16	-2.0528e-14
438	437	8.8828e-15	4.7463e-15
438	439	4.7974e-15	-2.8746e-14
438	476	-7.0434e-15	2.2744e-15
439	438	-4.7974e-15	2.8746e-14
439	440	1.7874e-14	-3.6986e-14
439	474	-6.7795e-15	-8.2e-15
440	432	3.5142e-14	-1.8647e-14
440	439	-1.7874e-14	3.6986e-14
440	469	-1.3047e-15	-4.148e-15
440	474	-3.9497e-14	-8.0569e-16
441	417	1.523e-14	4.9233e-15
441	442	4.2534e-15	-1.0953e-14
441	443	-1.2097e-14	9.2198e-15
442	433	4.1376e-15	1.3375e-15
442	436	5.4893e-15	-4.0471e-15
442	441	-4.2534e-15	1.0953e-14
442	447	-9.4674e-17	-7.5859e-15
442	460	-7.8477e-15	2.7834e-15
443	416	1.5798e-14	6.8231e-15
443	441	1.2097e-14	-9.2198e-15
443	455	-3.2081e-14	2.3838e-14
443	463	-1.5235e-14	-1.5692e-14
444	381	2.0793e-14	2.4401e-15
444	424	2.0849e-15	-2.7979e-15
444	453	-1.8002e-14	1.4961e-14
444	454	-4.6773e-15	-1.4726e-14
445	367	4.8937e-14	1.9439e-14
445	446	9.9699e-15	-1.1297e-14
445	470	-1.3815e-14	-4.1119e-14
445	485	-2.3115e-14	3.0143e-14
445	508	-4.7962e-15	-6.2994e-16
446	368	1.5256e-14	6.06e-15
446	418	2.4029e-15	-1.5263e-14
446	445	-9.9699e-15	1.1297e-14
446	470	-1.0882e-14	-2.2e-15
447	436	2.641e-14	8.5375e-15
447	442	9.4674e-17	7.5859e-15
447	448	-1.2485e-14	-1.1708e-14
447	462	-4.5532e-14	1.8596e-14
448	447	1.2485e-14	1.1708e-14
448	449	-1.6892e-14	-8.6242e-15
448	462	3.8883e-17	-9.2437e-16
448	473	-2.2957e-14	9.3694e-15
449	448	1.6892e-14	8.6242e-15
449	450	-5.1255e-15	-2.4449e-14
449	479	-1.0964e-14	4.475e-15
450	449	5.1255e-15	2.4449e-14
450	451	1.3246e-14	-1.3333e-14
450	487	-1.751e-14	7.4218e-16
451	450	-1.3246e-14	1.3333e-14
451	452	1.4319e-14	-1.0909e-14
452	420	3.6617e-14	-5.5399e-15
452	451	-1.4319e-14	1.0909e-14
453	431	1.5678e-14	2.6198e-14
453	444	1.8002e-14	-1.4961e-14
453	471	-2.0003e-14	-5.1306e-15
454	424	3.7742e-14	6.639e-16
454	444	4.6773e-15	1.4726e-14
454	456	-3.0111e-14	-1.3575e-14
455	415	1.4744e-15	1.118e-15
455	443	3.2081e-14	-2.3838e-14
455	458	-1.3796e-14	1.9479e-14
455	478	-8.9554e-15	-5.5716e-15
456	454	3.0111e-14	1.3575e-14
456	457	1.2618e-14	-3.1765e-14
456	472	-2.8074e-14	3.2337e-14
456	498	-1.3793e-14	-6.0655e-15
457	427	1.6487e-14	-9.022e-15
457	456	-1.2618e-14	3.1765e-14
457	467	-4.1633e-15	-3.7039e-14
458	414	4.2022e-14	3.1862e-14
458	455	1.3796e-14	-1.9479e-14
458	490	-1.7025e-15	2.524e-14
459	408	3.8543e-14	-1.6916e-15
459	434	1.3115e-14	3.3912e-14
459	464	-7.7963e-15	-8.0856e-14
459	492	-6.0837e-14	6.1628e-14
460	442	7.8477e-15	-2.7834e-15
460	461	-9.726e-15	-8.1278e-15
460	463	-6.8874e-15	5.2492e-15
461	460	9.726e-15	8.1278e-15
461	462	3.2379e-14	-1.3215e-14
461	466	-3.0241e-14	2.9303e-14
461	473	6.6878e-16	-1.5899e-14
461	491	-9.6859e-15	-2.7594e-15
462	447	4.5532e-14	-1.8596e-14
462	448	-3.8883e-17	9.2437e-16
462	461	-3.2379e-14	1.3215e-14
463	443	1.5235e-14	1.5692e-14
463	460	6.8874e-15	-5.2492e-15
463	466	-2.5023e-14	-8.8823e-15
464	425	7.0062e-14	-3.075e-15
464	459	7.7963e-15	8.0856e-14
464	468	2.1239e-14	-3.3858e-14
464	505	-9.2025e-14	-3.3746e-14
465	413	1.5072e-14	-2.3086e-14
465	418	4.4798e-14	6.7069e-15
465	470	-1.4719e-14	2.7276e-14
465	489	-5.6894e-14	-2.0597e-14
466	461	3.0241e-14	-2.9303e-14
466	463	2.5023e-14	8.8823e-15
466	478	1.9235e-15	1.2996e-14
466	488	-4.1192e-14	1.8028e-14
466	491	-1.5647e-15	-6.23e-15
467	406	4.4245e-14	-2.4211e-14
467	457	4.1633e-15	3.7039e-14
467	497	8.9929e-17	-3.3862e-14
467	499	-4.5925e-14	3.3524e-14
468	430	2.373e-14	-1.6436e-14
468	464	-2.1239e-14	3.3858e-14
468	485	-3.2117e-15	-1.8277e-14
469	422	8.0419e-15	-5.52e-15
469	440	1.3047e-15	4.148e-15
469	474	-9.5127e-15	1.2691e-14
469	475	-6.0808e-15	-7.7278e-15
470	445	1.3815e-14	4.1119e-14
470	446	1.0882e-14	2.2e-15
470	465	1.4719e-14	-2.7276e-14
470	503	-2.725e-14	-1.2866e-14
471	453	2.0003e-14	5.1306e-15
471	472	-1.0737e-14	-2.4386e-14
471	480	-2.2473e-14	1.1929e-14
472	456	2.8074e-14	-3.2337e-14
472	471	1.0737e-14	2.4386e-14
472	496	-3.326e-14	1.7655e-14
473	448	2.2957e-14	-9.3694e-15
473	461	-6.6878e-16	1.5899e-14
473	479	-1.3019e-14	-6.647e-15
474	439	6.7795e-15	8.2e-15
474	440	3.9497e-14	8.0569e-16
474	469	9.5127e-15	-1.2691e-14
474	481	-2.0396e-14	-4.813e-14
474	484	-1.9842e-14	4.4204e-14
475	434	2.4126e-14	-1.656e-14
475	469	6.0808e-15	7.7278e-15
475	481	-2.0181e-14	5.0917e-14
475	492	5.4633e-16	-3.469e-14
475	513	-2.6398e-14	9.1567e-15
475	517	-5.476e-15	-4.065e-15
476	298	7.9468e-16	-6.8163e-14
476	438	7.0434e-15	-2.2744e-15
476	484	5.6208e-17	-4.3946e-14
476	516	-1.814e-14	-6.141e-15
477	423	1.1523e-15	4.6393e-14
478	455	8.9554e-15	5.5716e-15
478	466	-1.9235e-15	-1.2996e-14
479	449	1.0964e-14	-4.475e-15
479	473	1.3019e-14	6.647e-15
479	486	-2.5943e-14	-8.1732e-15
479	491	-2.1e-15	8.7115e-15
480	471	2.2473e-14	-1.1929e-14
480	496	-2.6469e-14	-6.0119e-14
480	500	-3.2696e-14	4.5432e-14
481	474	2.0396e-14	4.813e-14
481	475	2.0181e-14	-5.0917e-14
481	513	-2.5491e-14	-2.6624e-14
481	522	-2.6399e-14	1.4395e-14
483	495	-1.856e-14	1.6217e-14
483	500	-3.5827e-14	-1.2235e-14
484	474	1.9842e-14	-4.4204e-14
484	476	-5.6208e-17	4.3946e-14
484	516	-1.1218e-14	8.0348e-15
484	521	-2.3894e-16	-1.4123e-16
485	445	2.3115e-14	-3.0143e-14
485	468	3.2117e-15	1.8277e-14
485	506	-2.4e-14	1.9882e-14
485	508	-1.0022e-15	-2.4174e-15
486	479	2.5943e-14	8.1732e-15
486	487	1.094e-14	-1.5671e-14
486	493	-1.2352e-14	-3.5082e-14
486	502	-9.7754e-15	4.0551e-14
486	531	-3.0761e-14	-1.2027e-14
487	450	1.751e-14	-7.4218e-16
487	486	-1.094e-14	1.5671e-14
487	493	-1.4339e-14	1.9205e-16
488	466	4.1192e-14	-1.8028e-14
488	501	-6.4454e-16	-4.0703e-14
488	529	-5.5862e-14	-4.1162e-14
488	557	-2.197e-14	9.1282e-15
489	465	5.6894e-14	2.0597e-14
489	490	7.0793e-15	-2.8557e-14
489	503	-2.3476e-14	2.0937e-14
489	510	-1.5519e-14	-8.8316e-15
490	413	4.3698e-15	1.6721e-15
490	458	1.7025e-15	-2.524e-14
490	489	-7.0793e-15	2.8557e-14
491	461	9.6859e-15	2.7594e-15
491	466	1.5647e-15	6.23e-15
491	479	2.1e-15	-8.7115e-15
491	501	-5.1839e-15	3.882e-15
491	502	-5.5971e-15	-1.7633e-15
492	459	6.0837e-14	-6.1628e-14
492	475	-5.4633e-16	3.469e-14
492	517	-3.4105e-14	1.0902e-14
493	486	1.2352e-14	3.5082e-14
493	487	1.4339e-14	-1.9205e-16
493	494	6.6421e-15	-4.8396e-14
493	531	-1.1257e-14	1.0878e-14
493	536	-1.9646e-14	-7.6813e-15
494	493	-6.6421e-15	4.8396e-14
494	495	6.8644e-15	-7.8853e-15
494	507	-8.3821e-15	-2.3868e-14
495	483	1.856e-14	-1.6217e-14
495	494	-6.8644e-15	7.8853e-15
495	500	-2.9187e-15	-1.4814e-14
496	472	3.326e-14	-1.7655e-14
496	480	2.6469e-14	6.0119e-14
496	504	-1.4069e-14	-6.1129e-14
496	543	-4.5667e-14	-9.4263e-15
497	423	8.0307e-14	-3.3857e-14
497	467	-8.9929e-17	3.3862e-14
497	511	-4.7381e-14	-2.7104e-14
497	526	-2.0703e-14	9.4538e-15
498	456	1.3793e-14	6.0655e-15
498	499	1.2742e-14	-3.2483e-14
498	504	-2.4005e-14	2.5214e-14
499	467	4.5925e-14	-3.3524e-14
499	498	-1.2742e-14	3.2483e-14
499	524	-4.0203e-14	4.2811e-15
500	480	3.2696e-14	-4.5432e-14
500	483	3.5827e-14	1.2235e-14
500	495	2.9187e-15	1.4814e-14
500	507	-6.0146e-14	3.2122e-14
501	488	6.4454e-16	4.0703e-14
501	491	5.1839e-15	-3.882e-15
501	502	-9.8821e-15	-3.0059e-14
502	486	9.7754e-15	-4.0551e-14
502	491	5.5971e-15	1.7633e-15
502	501	9.8821e-15	3.0059e-14
502	530	-2.5646e-14	1.3074e-14
503	470	2.725e-14	1.2866e-14
503	489	2.3476e-14	-2.0937e-14
503	509	-3.8392e-14	4.5425e-14
503	510	-2.8047e-15	-2.6497e-14
503	539	-3.4415e-14	-1.9585e-14
504	496	1.4069e-14	6.1129e-14
504	498	2.4005e-14	-2.5214e-14
504	523	-1.7288e-14	-4.3135e-14
504	543	-1.9164e-14	2.6101e-14
505	464	9.2025e-14	3.3746e-14
505	506	1.4505e-14	-2.3385e-14
505	514	-6.6369e-14	-4.0964e-14
505	535	-3.9655e-14	2.3769e-14
506	485	2.4e-14	-1.9882e-14
506	505	-1.4505e-14	2.3385e-14
506	515	-7.2318e-15	-3.0556e-15
507	494	8.3821e-15	2.3868e-14
507	500	6.0146e-14	-3.2122e-14
507	537	-6.0127e-14	6.3727e-14
507	541	-5.4007e-15	-6.008e-14
508	445	4.7962e-15	6.2994e-16
508	485	1.0022e-15	2.4174e-15
508	509	-2.8229e-14	-1.5484e-14
509	503	3.8392e-14	-4.5425e-14
509	508	2.8229e-14	1.5484e-14
509	520	-3.4298e-14	1.0139e-14
510	489	1.5519e-14	8.8316e-15
510	503	2.8047e-15	2.6497e-14
510	539	-1.9334e-14	1.7242e-14
510	549	1.7566e-15	-1.7597e-14
510	550	1.7566e-15	-1.7597e-14
511	497	4.7381e-14	2.7104e-14
511	512	5.2554e-15	-5.2938e-14
511	526	-5.3636e-17	2.7232e-16
511	548	-5.6682e-14	7.4998e-15
512	298	-3.1412e-14	1.5373e-14
512	511	-5.2554e-15	5.2938e-14
512	533	1.5678e-15	-2.2864e-14
512	559	-4.3338e-14	6.0725e-15
513	475	2.6398e-14	-9.1567e-15
513	481	2.5491e-14	2.6624e-14
513	527	-3.1119e-14	-1.1343e-14
514	505	6.6369e-14	4.0964e-14
514	515	5.5019e-15	-1.2942e-14
514	518	-4.9628e-14	-4.4156e-14
514	554	-4.0964e-14	1.7994e-14
515	506	7.2318e-15	3.0556e-15
515	514	-5.5019e-15	1.2942e-14
515	518	-9.8267e-15	2.2062e-15
516	298	2.7139e-15	-2.3715e-14
516	476	1.814e-14	6.141e-15
516	484	1.1218e-14	-8.0348e-15
516	528	-2.1603e-14	-2.0896e-14
516	545	-1.0196e-14	1.847e-15
517	475	5.476e-15	4.065e-15
517	492	3.4105e-14	-1.0902e-14
517	527	-3.9739e-14	2.8546e-14
517	534	-2.2032e-14	-2.1402e-14
518	514	4.9628e-14	4.4156e-14
518	515	9.8267e-15	-2.2062e-15
518	519	1.7255e-16	-7.3737e-14
518	554	-3.7158e-16	2.3404e-14
518	584	-4.2434e-14	1.0423e-14
519	518	-1.7255e-16	7.3737e-14
519	520	2.8658e-14	-4.7e-14
519	569	-3.3844e-14	-3.5226e-14
520	509	3.4298e-14	-1.0139e-14
520	519	-2.8658e-14	4.7e-14
520	546	7.1946e-16	-4.7034e-15
520	552	-2.6614e-14	-2.1319e-14
521	484	2.3894e-16	1.4123e-16
521	522	3.9123e-16	-5.5373e-15
521	528	-1.3025e-14	5.3027e-15
522	481	2.6399e-14	-1.4395e-14
522	521	-3.9123e-16	5.5373e-15
522	532	-2.2022e-14	8.9657e-15
523	504	1.7288e-14	4.3135e-14
523	524	4.5694e-14	-5.061e-14
523	575	-2.2852e-14	1.4753e-14
523	577	-3.6762e-14	-1.8857e-14
524	499	4.0203e-14	-4.2811e-15
524	523	-4.5694e-14	5.061e-14
524	525	8.4403e-15	-5.8233e-14
525	524	-8.4403e-15	5.8233e-14
525	526	3.0687e-14	-2.6324e-14
525	547	-1.0085e-14	-2.964e-14
525	578	-1.5253e-14	3.8359e-15
526	497	2.0703e-14	-9.4538e-15
526	511	5.3636e-17	-2.7232e-16
526	525	-3.0687e-14	2.6324e-14
527	513	3.1119e-14	1.1343e-14
527	517	3.9739e-14	-2.8546e-14
527	538	-8.4752e-15	3.2497e-14
527	551	-1.5775e-14	-2.2256e-14
527	573	-2.4793e-14	2.3129e-15
528	298	1.9719e-14	-1.1178e-14
528	516	2.1603e-14	2.0896e-14
528	521	1.3025e-14	-5.3027e-15
528	532	3.5406e-15	-5.0113e-14
528	545	-3.794e-15	2.5813e-14
528	576	-1.2931e-14	-6.6162e-15
529	488	5.5862e-14	4.1162e-14
529	530	-3.8772e-14	-5.6988e-14
529	567	-4.9531e-14	1.0473e-14
530	502	2.5646e-14	-1.3074e-14
530	529	3.8772e-14	5.6988e-14
530	540	-4.711e-15	-4.7028e-14
530	580	-5.3126e-14	2.1563e-14
531	486	3.0761e-14	1.2027e-14
531	493	1.1257e-14	-1.0878e-14
531	536	-8.9105e-15	-2.5308e-14
531	540	-1.598e-14	2.7844e-14
531	570	-1.1056e-16	-1.0116e-17
532	522	2.2022e-14	-8.9657e-15
532	528	-3.5406e-15	5.0113e-14
532	538	1.6616e-15	-3.8489e-14
532	571	-9.7189e-15	-4.9727e-15
533	512	-1.5678e-15	2.2864e-14
533	544	-5.4005e-15	-2.0104e-14
533	560	-2.1077e-14	1.1971e-14
533	561	-3.4221e-14	-1.4566e-14
534	517	2.2032e-14	2.1402e-14
534	535	1.7966e-15	-2.8346e-14
534	551	-2.2353e-14	1.0514e-14
535	505	3.9655e-14	-2.3769e-14
535	534	-1.7966e-15	2.8346e-14
535	554	-9.078e-15	-1.1693e-14
535	555	-3.1228e-14	1.4688e-14
536	493	1.9646e-14	7.6813e-15
536	531	8.9105e-15	2.5308e-14
536	537	-4.0801e-16	-7.3829e-14
536	570	-2.4316e-14	4.2368e-14
537	507	6.0127e-14	-6.3727e-14
537	536	4.0801e-16	7.3829e-14
537	593	-1.323e-14	-2.2057e-14
538	527	8.4752e-15	-3.2497e-14
538	532	-1.6616e-15	3.8489e-14
538	571	-1.1739e-14	4.7794e-15
539	503	3.4415e-14	1.9585e-14
539	510	1.9334e-14	-1.7242e-14
539	546	-2.9205e-14	1.9903e-14
540	530	4.711e-15	4.7028e-14
540	531	1.598e-14	-2.7844e-14
540	570	-1.1369e-14	-3.2289e-14
540	586	-9.7728e-15	3.9667e-15
541	507	5.4007e-15	6.008e-14
541	542	-1.5686e-14	-4.7317e-14
541	585	-3.1442e-14	-3.544e-15
542	541	1.5686e-14	4.7317e-14
542	543	3.407e-14	-3.2964e-14
542	581	-3.5698e-14	-7.82e-15
543	496	4.5667e-14	9.4263e-15
543	504	1.9164e-14	-2.6101e-14
543	542	-3.407e-14	3.2964e-14
543	574	-3.4645e-14	-1.1216e-14
544	298	-7.5616e-15	5.646e-15
544	533	5.4005e-15	2.0104e-14
544	553	-2.5542e-14	-7.9702e-15
545	298	9.8471e-15	-2.968e-14
545	516	1.0196e-14	-1.847e-15
545	528	3.794e-15	-2.5813e-14
546	520	-7.1946e-16	4.7034e-15
546	539	2.9205e-14	-1.9903e-14
546	552	-1.1304e-14	4.408e-15
547	525	1.0085e-14	2.964e-14
547	548	1.5874e-14	-2.9533e-14
547	579	-1.8602e-14	-1.7982e-15
548	511	5.6682e-14	-7.4998e-15
548	547	-1.5874e-14	2.9533e-14
548	558	-3.6036e-14	-1.6856e-14
549	510	-1.7566e-15	1.7597e-14
550	510	-1.7566e-15	1.7597e-14
550	556	-2.8102e-14	-8.3933e-15
551	527	1.5775e-14	2.2256e-14
551	534	2.2353e-14	-1.0514e-14
551	555	2.8792e-15	-4.5428e-14
551	573	-9.4005e-15	2.0466e-14
551	588	-2.3405e-14	-3.1189e-16
552	520	2.6614e-14	2.1319e-14
552	546	1.1304e-14	-4.408e-15
552	562	-4.4623e-14	-4.4423e-14
552	569	-7.0224e-15	3.6806e-14
553	544	2.5542e-14	7.9702e-15
553	561	2.9995e-15	1.8296e-14
554	514	4.0964e-14	-1.7994e-14
554	518	3.7158e-16	-2.3404e-14
554	535	9.078e-15	1.1693e-14
554	568	-5.0818e-14	2.3902e-14
555	535	3.1228e-14	-1.4688e-14
555	551	-2.8792e-15	4.5428e-14
555	568	-2.6213e-14	-3.3762e-14
555	591	-6.3772e-15	1.4959e-15
556	550	2.8102e-14	8.3933e-15
556	557	8.4031e-15	-1.2745e-14
556	565	-3.56e-14	-5.8823e-15
557	488	2.197e-14	-9.1282e-15
557	556	-8.4031e-15	1.2745e-14
557	566	-2.0812e-14	-3.4389e-15
558	298	-1.3372e-15	2.6691e-14
558	548	3.6036e-14	1.6856e-14
558	559	2.9391e-14	-1.8953e-14
558	579	-1.0628e-14	2.3305e-14
558	595	-5.3733e-14	1.0611e-14
559	298	1.324e-14	1.0552e-14
559	512	4.3338e-14	-6.0725e-15
559	558	-2.9391e-14	1.8953e-14
559	560	4.7839e-15	-1.9289e-14
560	298	-2.4364e-14	4.6015e-15
560	533	2.1077e-14	-1.1971e-14
560	559	-4.7839e-15	1.9289e-14
561	298	-3.2239e-14	-3.0387e-15
561	533	3.4221e-14	1.4566e-14
561	553	-2.9995e-15	-1.8296e-14
562	552	4.4623e-14	4.4423e-14
562	563	-1.347e-14	-4.9673e-14
562	597	-4.1399e-14	2.5405e-14
562	605	-1.8684e-14	-5.9674e-15
563	562	1.347e-14	4.9673e-14
563	564	8.2353e-15	-4.0892e-14
563	603	-2.4653e-14	-6.9861e-16
564	563	-8.2353e-15	4.0892e-14
564	565	3.6214e-14	-3.9311e-14
564	604	-2.0207e-14	4.1634e-15
565	556	3.56e-14	5.8823e-15
565	564	-3.6214e-14	3.9311e-14
565	566	1.1815e-14	-1.792e-14
565	583	-8.0968e-15	-2.1186e-14
566	557	2.0812e-14	3.4389e-15
566	565	-1.1815e-14	1.792e-14
566	567	1.2944e-14	-2.0582e-14
566	583	-7.7832e-15	-2.052e-15
567	529	4.9531e-14	-1.0473e-14
567	566	-1.2944e-14	2.0582e-14
567	580	-1.6474e-14	-1.1147e-14
568	554	5.0818e-14	-2.3902e-14
568	555	2.6213e-14	3.3762e-14
568	584	-8.8567e-15	-4.7879e-14
568	591	-4.1778e-15	2.0676e-14
568	611	-5.4322e-14	1.8992e-14
569	519	3.3844e-14	3.5226e-14
569	552	7.0224e-15	-3.6806e-14
569	590	-2.6225e-14	5.8415e-15
570	531	1.1056e-16	1.0116e-17
570	536	2.4316e-14	-4.2368e-14
570	540	1.1369e-14	3.2289e-14
570	594	-4.4499e-14	2.2956e-14
571	532	9.7189e-15	4.9727e-15
571	538	1.1739e-14	-4.7794e-15
571	572	-2.2868e-14	-1.4728e-14
571	576	-8.6071e-16	1.2182e-14
572	571	2.2868e-14	1.4728e-14
572	573	4.6186e-14	-2.7988e-14
572	587	-1.4965e-14	-4.8829e-14
573	527	2.4793e-14	-2.3129e-15
573	551	9.4005e-15	-2.0466e-14
573	572	-4.6186e-14	2.7988e-14
574	543	3.4645e-14	1.1216e-14
574	575	-7.8678e-16	-2.6634e-14
574	581	-1.8688e-14	1.485e-14
575	523	2.2852e-14	-1.4753e-14
575	574	7.8678e-16	2.6634e-14
575	577	-9.8795e-16	-1.988e-14
575	592	-3.2088e-14	2.5499e-14
576	298	1.1777e-14	-8.534e-15
576	528	1.2931e-14	6.6162e-15
576	571	8.6071e-16	-1.2182e-14
577	523	3.6762e-14	1.8857e-14
577	575	9.8795e-16	1.988e-14
577	578	7.9311e-15	-7.3086e-15
577	582	-7.1938e-15	-2.7627e-14
577	602	-3.8761e-14	-1.068e-14
578	525	1.5253e-14	-3.8359e-15
578	577	-7.9311e-15	7.3086e-15
578	579	-1.9983e-15	-7.6743e-15
579	547	1.8602e-14	1.7982e-15
579	558	1.0628e-14	-2.3305e-14
579	578	1.9983e-15	7.6743e-15
579	582	-2.3968e-14	2.2087e-14
579	595	-3.0806e-15	-5.3791e-15
580	530	5.3126e-14	-2.1563e-14
580	567	1.6474e-14	1.1147e-14
580	583	-1.1836e-14	2.0546e-14
580	586	-1.3991e-15	-1.3966e-14
580	600	-5.955e-14	3.8472e-15
581	542	3.5698e-14	7.82e-15
581	574	1.8688e-14	-1.485e-14
581	585	1.1977e-14	2.6568e-14
581	592	-1.8495e-15	-6.2608e-14
581	615	-2.572e-14	3.9464e-14
581	640	-3e-14	-1.8202e-15
582	577	7.1938e-15	2.7627e-14
582	579	2.3968e-14	-2.2087e-14
582	598	-4.8319e-15	-3.4823e-14
582	602	-2.8969e-14	2.8562e-14
583	565	8.0968e-15	2.1186e-14
583	566	7.7832e-15	2.052e-15
583	580	1.1836e-14	-2.0546e-14
583	599	-3.5826e-14	-8.0382e-15
584	518	4.2434e-14	-1.0423e-14
584	568	8.8567e-15	4.7879e-14
584	589	-1.4377e-14	-2.7979e-14
584	614	-4.9254e-14	-8.3711e-15
584	618	-4.9254e-14	-8.3711e-15
585	541	3.1442e-14	3.544e-15
585	581	-1.1977e-14	-2.6568e-14
585	593	-6.8083e-15	2.3071e-14
586	540	9.7728e-15	-3.9667e-15
586	580	1.3991e-15	1.3966e-14
586	594	1.384e-17	-1.6653e-15
587	572	1.4965e-14	4.8829e-14
587	588	3.7324e-14	-2.5404e-14
587	610	-2.6465e-15	-1.6442e-14
587	620	-3.1421e-14	-1.1971e-14
587	621	-8.0569e-15	6.558e-15
588	551	2.3405e-14	3.1189e-16
588	587	-3.7324e-14	2.5404e-14
588	591	8.0528e-15	-2.5399e-14
589	584	1.4377e-14	2.7979e-14
589	590	8.9987e-15	-3.6087e-14
589	614	-2.3715e-14	-4.0305e-15
589	617	-2.3715e-14	-4.0305e-15
590	569	2.6225e-14	-5.8415e-15
590	589	-8.9987e-15	3.6087e-14
590	596	-3.5398e-14	-1.9535e-14
591	555	6.3772e-15	-1.4959e-15
591	568	4.1778e-15	-2.0676e-14
591	588	-8.0528e-15	2.5399e-14
592	575	3.2088e-14	-2.5499e-14
592	581	1.8495e-15	6.2608e-14
592	612	-1.5586e-14	-3.9801e-14
592	614	-2.0419e-14	-5.9798e-16
592	635	-2.0419e-14	-5.9798e-16
593	537	1.323e-14	2.2057e-14
593	585	6.8083e-15	-2.3071e-14
593	607	-1.8257e-14	3.3195e-15
594	570	4.4499e-14	-2.2956e-14
594	586	-1.384e-17	1.6653e-15
595	558	5.3733e-14	-1.0611e-14
595	579	3.0806e-15	5.3791e-15
595	598	-5.2656e-14	7.0558e-14
596	590	3.5398e-14	1.9535e-14
596	597	1.5819e-14	-7.8638e-14
596	617	-1.4186e-14	5.1121e-14
596	648	-3.0655e-14	1.1264e-14
597	562	4.1399e-14	-2.5405e-14
597	596	-1.5819e-14	7.8638e-14
597	605	-5.411e-15	-4.4637e-14
597	614	-3.7377e-14	-1.3186e-14
597	643	-3.7377e-14	-1.3186e-14
598	582	4.8319e-15	3.4823e-14
598	595	5.2656e-14	-7.0558e-14
598	614	-6.1645e-14	3.7304e-14
598	623	-6.1645e-14	3.7304e-14
599	583	3.5826e-14	8.0382e-15
599	600	4.9354e-14	-4.7182e-14
599	609	-3.3606e-14	4.4531e-14
599	631	-1.52e-14	-2.6692e-14
599	654	-3.9747e-14	-4.1951e-15
600	580	5.955e-14	-3.8472e-15
600	599	-4.9354e-14	4.7182e-14
600	601	-1.0959e-14	-4.0165e-14
601	600	1.0959e-14	4.0165e-14
601	614	-1.7801e-14	-3.6301e-14
601	616	-1.7801e-14	-3.6301e-14
602	577	3.8761e-14	1.068e-14
602	582	2.8969e-14	-2.8562e-14
602	612	1.1121e-15	3.6938e-14
602	622	-1.2443e-14	-1.6108e-14
602	630	-6.6795e-14	-3.5776e-15
603	563	2.4653e-14	6.9861e-16
603	604	1.4394e-14	-3.1364e-14
603	605	3.4089e-14	5.6151e-14
603	627	-1.3977e-14	-2.3057e-14
603	644	-2.061e-14	2.2775e-14
603	658	-2.4742e-14	-1.6211e-15
604	564	2.0207e-14	-4.1634e-15
604	603	-1.4394e-14	3.1364e-14
604	608	-1.5426e-14	-4.0339e-14
605	562	1.8684e-14	5.9674e-15
605	597	5.411e-15	4.4637e-14
605	603	-3.4089e-14	-5.6151e-14
606	614	1.0852e-15	-2.3421e-16
607	593	1.8257e-14	-3.3195e-15
607	615	1.3794e-14	-3.9702e-14
607	646	-1.9824e-14	1.6314e-15
608	604	1.5426e-14	4.0339e-14
608	609	-3.6446e-15	-3.3665e-14
608	614	-2.0102e-16	1.9139e-16
608	627	-2.0102e-16	1.9139e-16
609	599	3.3606e-14	-4.4531e-14
609	608	3.6446e-15	3.3665e-14
609	614	-4.3672e-14	1.8348e-14
609	629	-4.3672e-14	1.8348e-14
610	587	2.6465e-15	1.6442e-14
610	611	2.6359e-14	-4.3526e-14
610	614	-3.2597e-14	2.6532e-14
610	620	-3.2597e-14	2.6532e-14
611	568	5.4322e-14	-1.8992e-14
611	610	-2.6359e-14	4.3526e-14
611	619	-5.6722e-15	-2.7056e-14
611	628	-2.9594e-14	-6.7149e-15
612	592	1.5586e-14	3.9801e-14
612	602	-1.1121e-15	-3.6938e-14
612	614	-1.3197e-14	3.2861e-15
612	636	-1.3197e-14	3.2861e-15
613	614	7.7535e-14	-5.0477e-14
613	645	-5.3299e-15	-3.3102e-14
613	669	-7.5552e-14	-2.7762e-14
614	584	4.9254e-14	8.3711e-15
614	589	2.3715e-14	4.0305e-15
614	592	2.0419e-14	5.9798e-16
614	597	3.7377e-14	1.3186e-14
614	598	6.1645e-14	-3.7304e-14
614	601	1.7801e-14	3.6301e-14
614	606	-1.0852e-15	2.3421e-16
614	608	2.0102e-16	-1.9139e-16
614	609	4.3672e-14	-1.8348e-14
614	610	3.2597e-14	-2.6532e-14
614	612	1.3197e-14	-3.2861e-15
614	613	-7.7535e-14	5.0477e-14
614	618	4.9254e-14	8.3711e-15
614	619	5.6722e-15	2.7056e-14
614	628	2.9594e-14	6.7149e-15
614	629	4.3672e-14	-1.8348e-14
614	631	-1.52e-14	-2.6692e-14
614	635	2.0419e-14	5.9798e-16
614	636	1.3197e-14	-3.2861e-15
614	640	3e-14	1.8202e-15
614	642	9.5779e-15	5.8113e-16
614	643	3.7377e-14	1.3186e-14
614	644	2.061e-14	-2.2775e-14
614	646	1.9824e-14	-1.6314e-15
614	648	3.0655e-14	-1.1264e-14
614	654	3.9747e-14	4.1951e-15
614	658	2.4742e-14	1.6211e-15
614	675	-1.037e-14	-2.0985e-14
614	681	1.5072e-14	-5.0825e-14
614	690	-9.9517e-15	-1.3121e-14
614	691	-1.0557e-14	-1.8689e-14
614	692	3.3168e-14	-6.3456e-15
614	699	-3.0174e-15	3.3634e-14
614	716	-1.0878e-14	-2.1662e-14
614	717	1.0495e-14	1.6663e-15
614	728	8.4515e-15	3.1451e-14
614	750	1.2258e-14	-2.9471e-14
614	753	1.7193e-14	3.3872e-14
614	756	1.731e-14	-3.6201e-14
614	763	-2.789e-14	4.9913e-14
614	768	2.4777e-14	1.2914e-14
614	769	-2.789e-14	4.9913e-14
614	777	-1.4715e-14	-6.5296e-15
614	778	4.7209e-14	-5.211e-14
614	779	1.3826e-14	-3.2022e-14
614	784	1.6983e-14	8.8515e-15
614	786	-1.6084e-14	6.5501e-15
614	787	9.1271e-15	-4.1839e-14
614	791	-3.9871e-15	-5.0362e-15
614	794	-1.6222e-14	-3.0856e-14
614	795	-5.5499e-14	1.5314e-14
614	797	2.1578e-14	2.7991e-14
614	798	6.233e-15	5.0301e-15
614	806	1.6576e-14	4.8892e-14
614	808	-2.8364e-14	-2.319e-14
614	809	-2.9e-14	2.2551e-15
614	811	-5.2437e-14	1.7352e-14
614	812	-2.7505e-14	-5.2394e-14
614	815	-5.9614e-14	3.4228e-14
614	816	-1.4164e-14	3.508e-15
614	818	-3.0349e-14	8.3742e-15
614	820	1.4497e-14	-1.0832e-14
614	821	2.4281e-14	-1.3447e-14
615	581	2.572e-14	-3.9464e-14
615	607	-1.3794e-14	3.9702e-14
615	642	-9.5779e-15	-5.8113e-16
616	601	1.7801e-14	3.6301e-14
616	632	-3.5283e-14	3.4978e-14
617	589	2.3715e-14	4.0305e-15
617	596	1.4186e-14	-5.1121e-14
617	618	1.6195e-14	3.1517e-14
617	634	-2.3387e-14	4.5668e-14
617	648	-3.3512e-14	-4.1672e-14
617	673	-5.0856e-15	-1.7279e-16
618	584	4.9254e-14	8.3711e-15
618	614	-4.9254e-14	-8.3711e-15
618	617	-1.6195e-14	-3.1517e-14
618	619	3.3108e-15	3.303e-14
618	634	-3.4948e-14	5.265e-15
619	611	5.6722e-15	2.7056e-14
619	614	-5.6722e-15	-2.7056e-14
619	618	-3.3108e-15	-3.303e-14
619	628	-9.6727e-15	7.1482e-15
620	587	3.1421e-14	1.1971e-14
620	610	3.2597e-14	-2.6532e-14
620	621	2.8986e-16	1.8008e-15
620	625	-2.9302e-14	2.3353e-14
620	638	-3.2617e-14	-2.2289e-14
621	298	-6.8925e-15	-1.5667e-14
621	587	8.0569e-15	-6.558e-15
621	620	-2.8986e-16	-1.8008e-15
621	624	-1.2601e-14	4.03e-15
622	298	3.3682e-14	6.1096e-15
622	602	1.2443e-14	1.6108e-14
622	623	4.1938e-14	-4.159e-14
622	630	-1.9501e-14	3.716e-14
623	298	2.8643e-14	8.0539e-15
623	598	6.1645e-14	-3.7304e-14
623	622	-4.1938e-14	4.159e-14
623	657	-2.8643e-14	-8.0539e-15
624	621	1.2601e-14	-4.03e-15
624	625	1.8326e-16	1.0212e-14
624	626	-1.4181e-14	-7.8515e-15
625	620	2.9302e-14	-2.3353e-14
625	624	-1.8326e-16	-1.0212e-14
625	626	-5.7177e-14	3.4394e-14
625	649	-8.2497e-15	-5.6376e-15
626	624	1.4181e-14	7.8515e-15
626	625	5.7177e-14	-3.4394e-14
626	637	-4.4134e-14	3.7789e-14
626	649	-2.5797e-15	-2.2985e-14
627	603	1.3977e-14	2.3057e-14
627	608	2.0102e-16	-1.9139e-16
627	629	-3.907e-15	-1.5372e-14
627	650	-2.5875e-14	-7.2922e-15
628	611	2.9594e-14	6.7149e-15
628	614	-2.9594e-14	-6.7149e-15
628	619	9.6727e-15	-7.1482e-15
628	633	-8.3783e-15	-3.3961e-15
629	609	4.3672e-14	-1.8348e-14
629	614	-4.3672e-14	1.8348e-14
629	627	3.907e-15	1.5372e-14
629	650	-6.872e-15	6.697e-15
629	652	-4.5549e-14	-8.0755e-15
630	298	7.3e-14	-4.8885e-15
630	602	6.6795e-14	3.5776e-15
630	622	1.9501e-14	-3.716e-14
630	641	-1.0429e-14	2.1224e-14
631	599	1.52e-14	2.6692e-14
631	614	1.52e-14	2.6692e-14
631	632	-4.8958e-15	-2.4496e-14
631	654	-2.8933e-15	3.2461e-15
632	616	3.5283e-14	-3.4978e-14
632	631	4.8958e-15	2.4496e-14
632	664	-3.9828e-14	4.4686e-14
632	668	-4.7563e-15	-3.4367e-14
633	628	8.3783e-15	3.3961e-15
633	634	4.2964e-14	-4.4167e-14
633	639	-4.0319e-14	4.5541e-14
633	671	-3.5947e-14	-1.0145e-14
634	617	2.3387e-14	-4.5668e-14
634	618	3.4948e-14	-5.265e-15
634	633	-4.2964e-14	4.4167e-14
634	672	-1.2211e-15	-3.4464e-16
635	592	2.0419e-14	5.9798e-16
635	614	-2.0419e-14	-5.9798e-16
635	636	-1.5384e-14	-2.0381e-14
635	640	-6.6224e-15	2.0903e-14
636	612	1.3197e-14	-3.2861e-15
636	614	-1.3197e-14	3.2861e-15
636	635	1.5384e-14	2.0381e-14
636	641	-2.2557e-14	-3.7348e-14
636	655	-9.6124e-15	2.2695e-14
637	626	4.4134e-14	-3.7789e-14
637	666	-6.9859e-15	-6.2244e-14
638	620	3.2617e-14	2.2289e-14
638	639	-1.5436e-14	-2.1605e-14
638	649	-2.2067e-14	1.7587e-14
639	633	4.0319e-14	-4.5541e-14
639	638	1.5436e-14	2.1605e-14
639	660	-4.5437e-14	3.6212e-14
639	677	-2.8467e-14	-8.0345e-15
640	581	3e-14	1.8202e-15
640	614	-3e-14	-1.8202e-15
640	635	6.6224e-15	-2.0903e-14
640	642	-9.266e-15	1.4218e-14
640	655	-1.1658e-14	-1.8898e-14
640	661	-1.6692e-14	-1.1718e-15
641	298	2.046e-14	3.0526e-14
641	630	1.0429e-14	-2.1224e-14
641	636	2.2557e-14	3.7348e-14
641	675	-1.3497e-14	1.7281e-14
642	614	-9.5779e-15	-5.8113e-16
642	615	9.5779e-15	5.8113e-16
642	640	9.266e-15	-1.4218e-14
642	647	-2.6439e-14	2.1744e-14
643	597	3.7377e-14	1.3186e-14
643	614	-3.7377e-14	-1.3186e-14
643	644	-1.915e-14	-2.5188e-14
643	651	-7.7841e-15	1.8767e-14
644	603	2.061e-14	-2.2775e-14
644	614	-2.061e-14	2.2775e-14
644	643	1.915e-14	2.5188e-14
644	662	-3.1851e-14	-2.0869e-15
645	613	5.3299e-15	3.3102e-14
645	646	5.496e-15	-9.2612e-15
645	656	-1.5371e-14	-1.7085e-14
646	607	1.9824e-14	-1.6314e-15
646	614	-1.9824e-14	1.6314e-15
646	645	-5.496e-15	9.2612e-15
646	647	-3.7127e-15	-4.1268e-15
647	642	2.6439e-14	-2.1744e-14
647	646	3.7127e-15	4.1268e-15
647	656	-2.782e-14	4.6879e-14
647	661	4.9072e-15	-5.7884e-14
648	596	3.0655e-14	-1.1264e-14
648	614	-3.0655e-14	1.1264e-14
648	617	3.3512e-14	4.1672e-14
648	651	3.4376e-16	-9.3195e-15
648	663	-4.8998e-14	-2.4683e-14
648	673	-7.5979e-15	1.5192e-14
649	625	8.2497e-15	5.6376e-15
649	626	2.5797e-15	2.2985e-14
649	638	2.2067e-14	-1.7587e-14
649	660	-1.0918e-14	-1.5282e-14
649	666	-1.2088e-14	1.035e-14
650	627	2.5875e-14	7.2922e-15
650	629	6.872e-15	-6.697e-15
650	652	-7.7948e-15	-5.1689e-14
650	659	-3.011e-15	4.6347e-14
650	684	-1.7062e-14	3.379e-15
651	643	7.7841e-15	-1.8767e-14
651	648	-3.4376e-16	9.3195e-15
651	663	-9.2306e-15	3.8257e-15
652	629	4.5549e-14	8.0755e-15
652	650	7.7948e-15	5.1689e-14
652	653	1.6145e-14	-2.552e-14
652	676	-3.4671e-14	-5.3272e-14
652	688	-3.7103e-14	1.737e-14
653	652	-1.6145e-14	2.552e-14
653	654	4.6963e-14	-2.2316e-14
653	676	-2.7506e-14	-3.7161e-15
654	599	3.9747e-14	4.1951e-15
654	614	-3.9747e-14	-4.1951e-15
654	631	2.8933e-15	-3.2461e-15
654	653	-4.6963e-14	2.2316e-14
654	664	-4.0436e-15	-2.0232e-14
655	636	9.6124e-15	-2.2695e-14
655	640	1.1658e-14	1.8898e-14
655	661	-1.1406e-14	1.3738e-14
656	645	1.5371e-14	1.7085e-14
656	647	2.782e-14	-4.6879e-14
656	670	-4.6371e-14	3.8175e-14
657	623	2.8643e-14	8.0539e-15
658	603	2.4742e-14	1.6211e-15
658	614	-2.4742e-14	-1.6211e-15
658	659	-4.3937e-14	-1.387e-14
658	662	-6.9529e-15	7.6831e-15
659	650	3.011e-15	-4.6347e-14
659	658	4.3937e-14	1.387e-14
659	662	4.4286e-15	3.553e-14
659	683	-4.9271e-14	1.5108e-15
660	639	4.5437e-14	-3.6212e-14
660	649	1.0918e-14	1.5282e-14
660	667	-3.4635e-14	5.0019e-14
660	677	-9.5216e-15	-2.6268e-14
660	694	-2.8437e-14	-2.3379e-15
661	640	1.6692e-14	1.1718e-15
661	647	-4.9072e-15	5.7884e-14
661	655	1.1406e-14	-1.3738e-14
661	674	-2.5161e-14	-2.4156e-14
662	644	3.1851e-14	2.0869e-15
662	658	6.9529e-15	-7.6831e-15
662	659	-4.4286e-15	-3.553e-14
662	665	-9.1792e-15	4.9862e-14
662	682	-3.0255e-14	-4.0959e-15
663	648	4.8998e-14	2.4683e-14
663	651	9.2306e-15	-3.8257e-15
663	665	-2.9608e-14	-6.0394e-14
663	680	-2.7478e-14	3.2844e-14
664	632	3.9828e-14	-4.4686e-14
664	654	4.0436e-15	2.0232e-14
664	678	-4.5838e-14	2.1007e-14
665	662	9.1792e-15	-4.9862e-14
665	663	2.9608e-14	6.0394e-14
665	685	-5.1649e-14	-1.8777e-14
666	637	6.9859e-15	6.2244e-14
666	649	1.2088e-14	-1.035e-14
666	667	-2.2882e-14	-6.019e-14
667	660	3.4635e-14	-5.0019e-14
667	666	2.2882e-14	6.019e-14
667	694	-1.2194e-14	-2.5796e-14
667	700	-5.7459e-14	1.7873e-14
668	632	4.7563e-15	3.4367e-14
668	686	-3.7908e-14	-7.1691e-15
669	613	7.5552e-14	2.7762e-14
669	670	-3.4574e-14	-3.9231e-14
669	687	-2.2412e-14	6.752e-15
670	656	4.6371e-14	-3.8175e-14
670	669	3.4574e-14	3.9231e-14
670	687	-6.0928e-15	1.3694e-14
670	689	-5.6995e-14	-1.5353e-14
671	633	3.5947e-14	1.0145e-14
671	672	9.2343e-15	-9.4929e-15
671	677	-3.0647e-14	3.4616e-14
671	679	-8.1814e-15	-3.8744e-14
672	634	1.2211e-15	3.4464e-16
672	671	-9.2343e-15	9.4929e-15
672	673	6.8496e-15	-7.8982e-15
673	617	5.0856e-15	1.7279e-16
673	648	7.5979e-15	-1.5192e-14
673	672	-6.8496e-15	7.8982e-15
674	661	2.5161e-14	2.4156e-14
674	675	8.9831e-15	-1.082e-14
674	681	-4.2475e-14	-1.981e-15
675	298	1.037e-14	2.0985e-14
675	614	1.037e-14	2.0985e-14
675	641	1.3497e-14	-1.7281e-14
675	674	-8.9831e-15	1.082e-14
676	652	3.4671e-14	5.3272e-14
676	653	2.7506e-14	3.7161e-15
676	678	2.2851e-14	-2.4882e-14
676	701	-6.9398e-14	-1.5619e-14
677	639	2.8467e-14	8.0345e-15
677	660	9.5216e-15	2.6268e-14
677	671	3.0647e-14	-3.4616e-14
677	694	-2.1976e-14	3.9122e-14
677	695	-2.879e-14	-3.2216e-14
677	720	-1.1118e-14	1.1883e-15
678	664	4.5838e-14	-2.1007e-14
678	676	-2.2851e-14	2.4882e-14
678	693	-3.8683e-15	-9.1124e-15
678	702	-5.8798e-15	-1.3233e-15
679	671	8.1814e-15	3.8744e-14
679	680	2.3946e-14	-5.385e-14
679	696	-2.392e-14	1.7129e-14
680	663	2.7478e-14	-3.2844e-14
680	679	-2.3946e-14	5.385e-14
680	698	-6.2828e-15	-1.5166e-14
681	298	-1.5072e-14	5.0825e-14
681	614	-1.5072e-14	5.0825e-14
681	674	4.2475e-14	1.981e-15
681	692	-5.8128e-14	3.8735e-14
682	662	3.0255e-14	4.0959e-15
682	683	6.815e-16	-1.6528e-14
682	685	1.1323e-15	3.5287e-14
682	697	-3.1577e-14	-1.6079e-14
683	659	4.9271e-14	-1.5108e-15
683	682	-6.815e-16	1.6528e-14
683	684	-3.1693e-15	-3.1594e-14
683	697	-2.9796e-14	1.2198e-14
684	650	1.7062e-14	-3.379e-15
684	683	3.1693e-15	3.1594e-14
684	688	3.1128e-15	-3.3495e-14
684	704	-2.7071e-14	1.4068e-15
685	665	5.1649e-14	1.8777e-14
685	682	-1.1323e-15	-3.5287e-14
685	698	3.996e-16	1.415e-14
685	707	-4.4993e-14	-5.5485e-15
686	668	3.7908e-14	7.1691e-15
686	687	-8.1458e-16	-2.695e-14
687	669	2.2412e-14	-6.752e-15
687	670	6.0928e-15	-1.3694e-14
687	686	8.1458e-16	2.695e-14
687	703	-3.7343e-14	-5.5091e-15
688	652	3.7103e-14	-1.737e-14
688	684	-3.1128e-15	3.3495e-14
688	705	-3.4824e-14	-1.0129e-14
689	670	5.6995e-14	1.5353e-14
689	690	-3.7935e-14	-2.7523e-14
689	703	-1.1448e-14	1.9303e-14
690	298	9.9517e-15	1.3121e-14
690	614	9.9517e-15	1.3121e-14
690	689	3.7935e-14	2.7523e-14
690	691	1.1985e-14	-3.8378e-14
690	717	-4.6544e-14	2.7074e-14
690	726	-9.9517e-15	-1.3121e-14
691	298	1.0557e-14	1.8689e-14
691	614	1.0557e-14	1.8689e-14
691	690	-1.1985e-14	3.8378e-14
691	692	1.1799e-14	-2.5473e-14
692	298	3.3168e-14	-6.3456e-15
692	614	-3.3168e-14	6.3456e-15
692	681	5.8128e-14	-3.8735e-14
692	691	-1.1799e-14	2.5473e-14
693	678	3.8683e-15	9.1124e-15
693	702	-1.1203e-14	9.9569e-15
694	660	2.8437e-14	2.3379e-15
694	667	1.2194e-14	2.5796e-14
694	677	2.1976e-14	-3.9122e-14
694	712	-6.1063e-14	1.8994e-14
695	677	2.879e-14	3.2216e-14
695	696	3.9376e-14	-4.4023e-14
695	718	-5.3583e-14	-1.0416e-14
695	720	-4.7961e-15	8.4479e-15
696	679	2.392e-14	-1.7129e-14
696	695	-3.9376e-14	4.4023e-14
696	711	-3.6874e-16	-3.7567e-15
697	682	3.1577e-14	1.6079e-14
697	683	2.9796e-14	-1.2198e-14
697	704	-3.4652e-15	-2.5619e-14
697	707	-1.2226e-15	1.9073e-14
697	721	-2.0114e-14	9.9549e-15
698	680	6.2828e-15	1.5166e-14
698	685	-3.996e-16	-1.415e-14
698	708	-1.0331e-15	1.5351e-15
698	709	-6.579e-15	2.0071e-16
699	298	3.0174e-15	-3.3634e-14
699	614	3.0174e-15	-3.3634e-14
699	700	2.6823e-14	-3.099e-14
699	722	-4.2024e-15	-1.2545e-14
699	728	-1.8935e-14	6.8709e-15
700	667	5.7459e-14	-1.7873e-14
700	699	-2.6823e-14	3.099e-14
700	712	-7.3542e-15	-1.5558e-14
701	676	6.9398e-14	1.5619e-14
701	702	1.0782e-14	-1.174e-14
701	706	-3.839e-14	2.0867e-14
702	678	5.8798e-15	1.3233e-15
702	693	1.1203e-14	-9.9569e-15
702	701	-1.0782e-14	1.174e-14
702	713	-1.239e-15	-9.1152e-15
703	687	3.7343e-14	5.5091e-15
703	689	1.1448e-14	-1.9303e-14
703	713	-6.2447e-16	2.2133e-15
703	715	-3.7708e-14	1.7266e-15
704	684	2.7071e-14	-1.4068e-15
704	697	3.4652e-15	2.5619e-14
704	705	6.9905e-16	-7.0231e-15
704	710	-1.9184e-14	-1.1798e-14
705	688	3.4824e-14	1.0129e-14
705	704	-6.9905e-16	7.0231e-15
705	706	-1.8644e-14	-1.1466e-14
706	701	3.839e-14	-2.0867e-14
706	705	1.8644e-14	1.1466e-14
706	710	-4.8698e-15	4.8925e-14
706	729	-6.0096e-14	8.8543e-15
707	685	4.4993e-14	5.5485e-15
707	697	1.2226e-15	-1.9073e-14
707	709	-3.2914e-15	2.6202e-14
707	721	-1.6764e-14	-1.1167e-14
707	738	-1.8377e-14	8.7508e-15
708	698	1.0331e-15	-1.5351e-15
708	709	-9.8412e-15	-1.2857e-14
708	711	-1.1542e-15	5.883e-15
709	698	6.579e-15	-2.0071e-16
709	707	3.2914e-15	-2.6202e-14
709	708	9.8412e-15	1.2857e-14
709	714	-8.2006e-15	2.1994e-14
710	704	1.9184e-14	1.1798e-14
710	706	4.8698e-15	-4.8925e-14
710	724	-2.1771e-14	4.2174e-14
710	740	-1.3259e-14	1.9535e-15
711	696	3.6874e-16	3.7567e-15
711	708	1.1542e-15	-5.883e-15
711	714	-9.334e-15	-5.6623e-15
712	694	6.1063e-14	-1.8994e-14
712	700	7.3542e-15	1.5558e-14
712	722	-3.7748e-14	3.4399e-14
712	725	-4.8086e-14	-2.3396e-14
713	702	1.239e-15	9.1152e-15
713	703	6.2447e-16	-2.2133e-15
714	709	8.2006e-15	-2.1994e-14
714	711	9.334e-15	5.6623e-15
714	719	-1.8982e-14	2.3557e-14
715	703	3.7708e-14	-1.7266e-15
715	716	-2.5524e-14	-1.2671e-14
716	298	1.0878e-14	2.1662e-14
716	614	1.0878e-14	2.1662e-14
716	715	2.5524e-14	1.2671e-14
716	717	3.3063e-14	-3.3403e-14
716	750	-5.6696e-14	2.0191e-15
717	298	1.0495e-14	1.6663e-15
717	614	-1.0495e-14	-1.6663e-15
717	690	4.6544e-14	-2.7074e-14
717	716	-3.3063e-14	3.3403e-14
718	695	5.3583e-14	1.0416e-14
718	719	-7.6889e-16	-2.8856e-14
718	727	-4.1024e-14	3.4591e-14
718	742	-7.3821e-15	-6.0261e-15
719	714	1.8982e-14	-2.3557e-14
719	718	7.6889e-16	2.8856e-14
719	736	-4.4936e-15	-7.9175e-15
719	742	-1.3952e-14	6.8504e-15
720	677	1.1118e-14	-1.1883e-15
720	695	4.7961e-15	-8.4479e-15
720	725	-6.6861e-15	3.6404e-15
721	697	2.0114e-14	-9.9549e-15
721	707	1.6764e-14	1.1167e-14
721	723	-2.9149e-14	-2.1734e-14
721	739	-2.4153e-14	2.0928e-14
722	699	4.2024e-15	1.2545e-14
722	712	3.7748e-14	-3.4399e-14
722	735	-2.3931e-14	1.0938e-14
723	721	2.9149e-14	2.1734e-14
723	724	2.2142e-14	-7.4147e-14
723	749	-6.0888e-14	4.9711e-14
724	710	2.1771e-14	-4.2174e-14
724	723	-2.2142e-14	7.4147e-14
724	740	-3.7771e-14	-3.9022e-14
725	712	4.8086e-14	2.3396e-14
725	720	6.6861e-15	-3.6404e-15
725	727	-9.6521e-15	-4.126e-14
725	745	-5.0271e-14	2.5181e-14
726	690	9.9517e-15	1.3121e-14
727	718	4.1024e-14	-3.4591e-14
727	725	9.6521e-15	4.126e-14
727	751	-1.2839e-14	-1.4434e-14
727	758	-1.9192e-14	5.894e-15
728	298	-8.4515e-15	-3.1451e-14
728	614	-8.4515e-15	-3.1451e-14
728	699	1.8935e-14	-6.8709e-15
728	735	9.0917e-16	-4.3012e-14
728	753	-3.4079e-14	2.1334e-14
729	706	6.0096e-14	-8.8543e-15
729	730	-6.7312e-14	-2.0959e-14
729	740	-3.8723e-15	3.8903e-14
730	729	6.7312e-14	2.0959e-14
730	731	-3.1665e-14	-5.3413e-14
730	762	-3.7037e-14	3.5737e-14
731	730	3.1665e-14	5.3413e-14
731	732	-1.8299e-14	-4.7934e-14
731	779	-2.2722e-14	2.1677e-14
732	731	1.8299e-14	4.7934e-14
732	733	4.693e-14	-5.7917e-14
732	788	-3.5993e-14	2.8509e-14
732	793	-8.7458e-15	-2.3201e-14
732	799	-2.6934e-14	-9.8552e-15
733	732	-4.693e-14	5.7917e-14
733	734	3.7658e-14	6.0721e-15
733	747	2.569e-14	-3.1544e-14
733	783	-2.392e-14	-3.3005e-14
734	733	-3.7658e-14	-6.0721e-15
734	747	-1.3288e-14	-3.4907e-14
735	722	2.3931e-14	-1.0938e-14
735	728	-9.0917e-16	4.3012e-14
735	745	-2.1406e-14	-3.0979e-14
736	719	4.4936e-15	7.9175e-15
736	737	4.8672e-15	-1.5733e-14
736	744	-1.8933e-14	4.8305e-15
737	736	-4.8672e-15	1.5733e-14
737	738	5.2041e-15	-1.2164e-14
737	741	-1.0894e-14	-2.1379e-15
738	707	1.8377e-14	-8.7508e-15
738	737	-5.2041e-15	1.2164e-14
738	739	-2.3727e-15	-7.8118e-16
739	721	2.4153e-14	-2.0928e-14
739	738	2.3727e-15	7.8118e-16
739	741	-9.9978e-15	1.712e-14
739	748	-1.514e-14	-4.5702e-16
740	710	1.3259e-14	-1.9535e-15
740	724	3.7771e-14	3.9022e-14
740	729	3.8723e-15	-3.8903e-14
740	761	-4.216e-14	-7.5781e-15
740	776	-4.4301e-15	1.0697e-14
741	737	1.0894e-14	2.1379e-15
741	739	9.9978e-15	-1.712e-14
741	746	-1.2743e-14	1.3489e-14
742	718	7.3821e-15	6.0261e-15
742	719	1.3952e-14	-6.8504e-15
742	743	-3.8596e-14	-6.1332e-15
743	742	3.8596e-14	6.1332e-15
743	744	4.3643e-15	-9.3573e-15
743	751	8.1492e-15	2.2908e-14
743	752	-3.4635e-14	-1.5011e-14
743	759	-3.117e-15	3.0319e-15
744	736	1.8933e-14	-4.8305e-15
744	743	-4.3643e-15	9.3573e-15
744	746	-9.2031e-15	-5.8726e-15
745	725	5.0271e-14	-2.5181e-14
745	735	2.1406e-14	3.0979e-14
745	757	-3.3848e-14	-2.001e-14
745	765	-2.9839e-14	1.3113e-14
746	741	1.2743e-14	-1.3489e-14
746	744	9.2031e-15	5.8726e-15
746	752	-1.0439e-14	3.666e-14
746	755	-1.2633e-14	-2.319e-14
747	733	-2.569e-14	3.1544e-14
747	734	1.3288e-14	3.4907e-14
747	750	6.2081e-15	-2.8304e-14
747	754	1.9169e-14	-5.7683e-14
747	780	-1.4612e-14	-2.0162e-14
748	739	1.514e-14	4.5702e-16
748	749	3.8345e-14	-5.1038e-14
748	755	-5.3706e-14	5.9527e-14
748	785	-2.2453e-14	-9.3774e-15
749	723	6.0888e-14	-4.9711e-14
749	748	-3.8345e-14	5.1038e-14
749	776	-4.8206e-15	-1.8056e-14
750	298	-1.2258e-14	2.9471e-14
750	614	-1.2258e-14	2.9471e-14
750	716	5.6696e-14	-2.0191e-15
750	747	-6.2081e-15	2.8304e-14
750	754	-3.3062e-14	6.7839e-15
751	727	1.2839e-14	1.4434e-14
751	743	-8.1492e-15	-2.2908e-14
751	759	-1.3363e-14	-1.1789e-15
752	743	3.4635e-14	1.5011e-14
752	746	1.0439e-14	-3.666e-14
752	760	-5.2463e-14	2.8784e-14
753	298	-1.7193e-14	-3.3872e-14
753	614	-1.7193e-14	-3.3872e-14
753	728	3.4079e-14	-2.1334e-14
753	763	-5.136e-14	-1.1968e-14
754	747	-1.9169e-14	5.7683e-14
754	750	3.3062e-14	-6.7839e-15
754	756	1.6913e-15	-4.7339e-14
754	780	-3.4417e-14	1.4813e-16
755	746	1.2633e-14	2.319e-14
755	748	5.3706e-14	-5.9527e-14
755	775	-6.8399e-14	3.2173e-14
756	298	-1.731e-14	3.6201e-14
756	614	-1.731e-14	3.6201e-14
756	754	-1.6913e-15	4.7339e-14
756	778	-1.6581e-14	-2.2485e-15
757	745	3.3848e-14	2.001e-14
757	758	2.632e-14	-2.5353e-14
757	765	-4.947e-15	2.3352e-14
757	770	-4.6806e-15	-1.3065e-14
757	781	-7.7672e-14	-1.4077e-14
758	727	1.9192e-14	-5.894e-15
758	757	-2.632e-14	2.5353e-14
758	759	-8.924e-15	-1.5083e-14
759	743	3.117e-15	-3.0319e-15
759	751	1.3363e-14	1.1789e-15
759	758	8.924e-15	1.5083e-14
759	760	-1.6707e-14	-1.3475e-14
759	770	-2.4489e-15	5.4925e-15
760	752	5.2463e-14	-2.8784e-14
760	759	1.6707e-14	1.3475e-14
760	772	-1.0813e-14	2.4251e-14
760	773	-6.3216e-14	-1.5299e-14
761	740	4.216e-14	7.5781e-15
761	762	-3.183e-14	-1.9417e-14
761	777	-7.3866e-15	1.1198e-14
762	730	3.7037e-14	-3.5737e-14
762	761	3.183e-14	1.9417e-14
763	298	2.789e-14	-4.9913e-14
763	614	2.789e-14	-4.9913e-14
763	753	5.136e-14	1.1968e-14
763	764	-2.5792e-14	-5.1236e-14
763	769	-2.789e-14	4.9913e-14
764	763	2.5792e-14	5.1236e-14
764	765	3.1747e-14	-3.3936e-14
764	792	-5.1959e-14	-1.2534e-14
765	745	2.9839e-14	-1.3113e-14
765	757	4.947e-15	-2.3352e-14
765	764	-3.1747e-14	3.3936e-14
765	789	-9.5592e-15	-2.306e-15
766	771	-2.5502e-14	6.6816e-14
766	784	-3.8706e-15	-2.7004e-14
766	800	-4.9318e-14	-1.9769e-14
767	771	-2.5639e-14	-6.0036e-16
768	298	2.4777e-14	1.2914e-14
768	614	-2.4777e-14	-1.2914e-14
768	769	-6.858e-15	-4.5224e-14
768	784	-1.0776e-14	3.0045e-14
769	298	2.789e-14	-4.9913e-14
769	614	2.789e-14	-4.9913e-14
769	763	2.789e-14	-4.9913e-14
769	768	6.858e-15	4.5224e-14
769	797	-2.3407e-14	9.4663e-16
770	757	4.6806e-15	1.3065e-14
770	759	2.4489e-15	-5.4925e-15
770	772	-1.5843e-15	-1.2778e-15
771	766	2.5502e-14	-6.6816e-14
771	767	2.5639e-14	6.0036e-16
771	807	-4.1158e-14	9.2661e-15
772	760	1.0813e-14	-2.4251e-14
772	770	1.5843e-15	1.2778e-15
772	782	-1.3532e-14	1.7904e-14
772	790	-2.4396e-15	-3.0315e-16
773	760	6.3216e-14	1.5299e-14
773	774	-1.6533e-14	-6.4529e-14
773	790	-2.9064e-14	4.9238e-14
774	773	1.6533e-14	6.4529e-14
774	775	5.2966e-14	-3.9321e-14
774	794	2.4843e-15	-3.4142e-14
774	812	-3.7825e-14	-3.767e-14
774	816	-3.2957e-14	2.8083e-14
775	755	6.8399e-14	-3.2173e-14
775	774	-5.2966e-14	3.9321e-14
775	794	-1.7806e-14	-9.7835e-15
776	740	4.4301e-15	-1.0697e-14
776	749	4.8206e-15	1.8056e-14
776	777	-7.4724e-15	-2.8836e-15
777	298	1.4715e-14	6.5296e-15
777	614	1.4715e-14	6.5296e-15
777	761	7.3866e-15	-1.1198e-14
777	776	7.4724e-15	2.8836e-15
777	786	-1.41e-14	1.926e-14
778	298	-4.7209e-14	5.211e-14
778	614	-4.7209e-14	5.211e-14
778	756	1.6581e-14	2.2485e-15
778	780	5.671e-15	5.4663e-14
778	801	-3.403e-14	-2.2676e-14
778	803	-3.2915e-14	9.4032e-15
779	298	-1.3826e-14	3.2022e-14
779	614	-1.3826e-14	3.2022e-14
779	731	2.2722e-14	-2.1677e-14
779	787	-1.3964e-14	-2.5512e-15
780	747	1.4612e-14	2.0162e-14
780	754	3.4417e-14	-1.4813e-16
780	778	-5.671e-15	-5.4663e-14
780	783	-2.7042e-14	3.3204e-14
781	757	7.7672e-14	1.4077e-14
781	782	-4.4754e-14	-1.5803e-14
781	789	-5.8853e-15	9.6315e-15
782	772	1.3532e-14	-1.7904e-14
782	781	4.4754e-14	1.5803e-14
782	790	-1.9763e-14	-4.6747e-14
782	795	-3.615e-14	4.6629e-14
783	733	2.392e-14	3.3005e-14
783	780	2.7042e-14	-3.3204e-14
783	793	-1.9666e-14	4.4716e-14
783	802	-6.9121e-15	-2.3523e-14
783	819	-3.0759e-14	-1.0778e-14
784	298	1.6983e-14	8.8515e-15
784	614	-1.6983e-14	-8.8515e-15
784	766	3.8706e-15	2.7004e-14
784	768	1.0776e-14	-3.0045e-14
784	798	-1.322e-14	-1.1506e-14
784	800	-1.0788e-14	8.476e-15
785	748	2.2453e-14	9.3774e-15
785	786	-2.6058e-15	-4.3707e-15
785	791	-4.178e-15	2.3853e-15
786	298	1.6084e-14	-6.5501e-15
786	614	1.6084e-14	-6.5501e-15
786	777	1.41e-14	-1.926e-14
786	785	2.6058e-15	4.3707e-15
787	298	-9.1271e-15	4.1839e-14
787	614	-9.1271e-15	4.1839e-14
787	779	1.3964e-14	2.5512e-15
787	788	3.0291e-14	-4.4038e-14
787	809	-5.5922e-15	-5.9172e-15
787	813	-2.9575e-14	1.3592e-15
788	732	3.5993e-14	-2.8509e-14
788	787	-3.0291e-14	4.4038e-14
788	805	-7.2729e-15	-5.235e-15
789	765	9.5592e-15	2.306e-15
789	781	5.8853e-15	-9.6315e-15
789	792	-3.3047e-15	3.5326e-15
790	772	2.4396e-15	3.0315e-16
790	773	2.9064e-14	-4.9238e-14
790	782	1.9763e-14	4.6747e-14
790	815	-4.744e-14	-2.2606e-14
790	818	-1.5597e-14	2.0118e-14
791	298	3.9871e-15	5.0362e-15
791	614	3.9871e-15	5.0362e-15
791	785	4.178e-15	-2.3853e-15
791	794	-8.2764e-15	1.0322e-14
792	764	5.1959e-14	1.2534e-14
792	789	3.3047e-15	-3.5326e-15
792	795	-1.4208e-14	-4.6738e-14
792	817	-5.0036e-14	7.5865e-15
793	732	8.7458e-15	2.3201e-14
793	783	1.9666e-14	-4.4716e-14
793	799	-3.9842e-14	4.0231e-14
794	298	1.6222e-14	3.0856e-14
794	614	1.6222e-14	3.0856e-14
794	774	-2.4843e-15	3.4142e-14
794	775	1.7806e-14	9.7835e-15
794	791	8.2764e-15	-1.0322e-14
795	298	5.5499e-14	-1.5314e-14
795	614	5.5499e-14	-1.5314e-14
795	782	3.615e-14	-4.6629e-14
795	792	1.4208e-14	4.6738e-14
795	818	-6.9788e-15	-1.6508e-14
796	801	-2.0309e-14	1.2542e-14
797	298	-2.1578e-14	-2.7991e-14
797	614	-2.1578e-14	-2.7991e-14
797	769	2.3407e-14	-9.4663e-16
797	798	-8.1074e-15	3.0106e-14
798	298	6.233e-15	5.0301e-15
798	614	-6.233e-15	-5.0301e-15
798	784	1.322e-14	1.1506e-14
798	797	8.1074e-15	-3.0106e-14
798	804	-2.1139e-14	1.6609e-14
799	732	2.6934e-14	9.8552e-15
799	793	3.9842e-14	-4.0231e-14
799	805	-3.4389e-14	1.4408e-14
800	766	4.9318e-14	1.9769e-14
800	784	1.0788e-14	-8.476e-15
800	804	-1.5912e-14	-1.3849e-14
800	811	-2.4132e-14	5.6957e-15
801	778	3.403e-14	2.2676e-14
801	796	2.0309e-14	-1.2542e-14
801	808	-5.0455e-14	1.974e-14
802	783	6.9121e-15	2.3523e-14
802	803	-3.7253e-15	-4.893e-14
802	819	-5.911e-15	4.1397e-15
803	778	3.2915e-14	-9.4032e-15
803	802	3.7253e-15	4.893e-14
803	808	-2.5071e-14	-2.0376e-14
804	798	2.1139e-14	-1.6609e-14
804	800	1.5912e-14	1.3849e-14
804	811	-1.2765e-15	1.3633e-14
805	788	7.2729e-15	5.235e-15
805	799	3.4389e-14	-1.4408e-14
805	809	-1.3844e-14	3.1611e-14
806	298	-1.6576e-14	-4.8892e-14
806	614	-1.6576e-14	-4.8892e-14
806	807	2.6602e-14	-1.4755e-14
806	814	-5.3938e-14	-4.3476e-14
807	771	4.1158e-14	-9.2661e-15
807	806	-2.6602e-14	1.4755e-14
807	810	-1.0545e-14	-8.5001e-15
808	298	2.8364e-14	2.319e-14
808	614	2.8364e-14	2.319e-14
808	801	5.0455e-14	-1.974e-14
808	803	2.5071e-14	2.0376e-14
808	822	-6.7388e-14	2.5506e-14
809	298	2.9e-14	-2.2551e-15
809	614	2.9e-14	-2.2551e-15
809	787	5.5922e-15	5.9172e-15
809	805	1.3844e-14	-3.1611e-14
809	813	-1.5176e-14	3.7574e-14
810	807	1.0545e-14	8.5001e-15
810	811	-3.7382e-15	-1.2556e-14
810	814	-7.3787e-15	4.0927e-15
811	298	5.2437e-14	-1.7352e-14
811	614	5.2437e-14	-1.7352e-14
811	800	2.4132e-14	-5.6957e-15
811	804	1.2765e-15	-1.3633e-14
811	810	3.7382e-15	1.2556e-14
812	298	2.7505e-14	5.2394e-14
812	614	2.7505e-14	5.2394e-14
812	774	3.7825e-14	3.767e-14
812	823	-1.3194e-14	1.2059e-14
813	787	2.9575e-14	-1.3592e-15
813	809	1.5176e-14	-3.7574e-14
814	806	5.3938e-14	4.3476e-14
814	810	7.3787e-15	-4.0927e-15
815	298	5.9614e-14	-3.4228e-14
815	614	5.9614e-14	-3.4228e-14
815	790	4.744e-14	2.2606e-14
815	816	2.0551e-14	-6.1221e-14
816	298	1.4164e-14	-3.508e-15
816	614	1.4164e-14	-3.508e-15
816	774	3.2957e-14	-2.8083e-14
816	815	-2.0551e-14	6.1221e-14
816	823	-1.2173e-14	-2.515e-14
817	792	5.0036e-14	-7.5865e-15
818	298	3.0349e-14	-8.3742e-15
818	614	3.0349e-14	-8.3742e-15
818	790	1.5597e-14	-2.0118e-14
818	795	6.9788e-15	1.6508e-14
819	783	3.0759e-14	1.0778e-14
819	802	5.911e-15	-4.1397e-15
819	820	-1.9953e-14	6.8455e-15
819	821	-2.1143e-14	-1.5014e-14
820	298	1.4497e-14	-1.0832e-14
820	614	-1.4497e-14	1.0832e-14
820	819	1.9953e-14	-6.8455e-15
820	821	-3.6201e-17	-6.7538e-15
821	298	2.4281e-14	-1.3447e-14
821	614	-2.4281e-14	1.3447e-14
821	819	2.1143e-14	1.5014e-14
821	820	3.6201e-17	6.7538e-15
821	822	1.04e-14	-3.5516e-14
822	808	6.7388e-14	-2.5506e-14
822	821	-1.04e-14	3.5516e-14
822	824	-4.5033e-14	5.8257e-15
823	812	1.3194e-14	-1.2059e-14
823	816	1.2173e-14	2.515e-14
824	822	4.5033e-14	-5.8257e-15
