	-2.71593e-014	-4.21563e-015
	-2.71593e-014	-4.21563e-015
	-2.71593e-014	-4.21563e-015
	-6.5715e-013	-4.07427e-013
	-6.59522e-013	-4.12056e-013
	-6.33741e-013	-4.28261e-013
	-6.33741e-013	-4.28261e-013
	-1.22573e-014	-1.90073e-015
	-8.68871e-015	-6.39173e-015
	-1.22573e-014	-1.90073e-015
	nan	nan
	-6.3137e-013	-4.23632e-013
	-6.6775e-015	6.3665e-016
	-6.6775e-015	6.3665e-016
	-6.26628e-013	-4.14375e-013
	-6.26629e-013	-4.14375e-013
	-6.28999e-013	-4.19003e-013
	-6.25201e-015	-5.51244e-015
	-7.70089e-015	-1.99057e-016
	-7.70089e-015	-1.99057e-016
	-6.00676e-013	-3.89348e-013
	-5.96527e-013	-3.70537e-013
	-5.90463e-013	-3.60726e-013
	-6.2663e-013	-4.14376e-013
	6.6775e-015	-6.3665e-016
	-4.62219e-013	5.10648e-014
	-4.41175e-013	8.6561e-014
	-5.54817e-013	-2.86796e-013
	-5.55793e-013	-2.85866e-013
	-4.53164e-013	3.17875e-014
	-6.43215e-013	-4.17037e-013
	-5.53548e-013	-2.51198e-013
	-5.21944e-013	-2.06239e-013
	-5.0493e-013	-1.51545e-013
	-5.07057e-013	-1.45904e-013
	-4.4863e-013	1.55272e-014
	-4.80313e-015	-1.08258e-014
	-6.2663e-013	-4.14376e-013
	1.87638e-014	4.23079e-015
	2.02126e-014	-1.0826e-015
	1.26323e-014	7.92602e-015
	1.35982e-014	4.38376e-015
	-6.06718e-013	-4.08311e-013
	-6.04826e-013	-4.08158e-013
	1.31153e-014	6.15489e-015
	-7.70089e-015	-1.99057e-016
	-5.90306e-013	-4.56551e-013
	-6.04372e-013	-4.20061e-013
	-6.07774e-013	-4.18342e-013
	-4.73267e-013	-1.13427e-013
	-5.75862e-013	-3.86988e-013
	-5.65822e-013	-3.86961e-013
	-6.09894e-013	-4.12544e-013
	-6.0861e-013	-4.08464e-013
	-4.31641e-013	1.08823e-013
	-5.80157e-013	-4.64862e-013
	-6.11178e-013	-4.16624e-013
	-5.80157e-013	-4.64862e-013
	-5.79931e-013	-4.58823e-013
	-5.78259e-013	-4.65859e-013
	-4.49091e-013	1.22548e-014
	-5.94544e-013	-4.16508e-013
	-5.82432e-013	-4.1587e-013
	-5.77634e-013	-4.10781e-013
	-5.57697e-013	-3.77934e-013
	-5.48754e-013	-2.76986e-013
	-5.5076e-013	-3.55559e-013
	-5.71728e-013	-3.65956e-013
	-4.44216e-013	3.37931e-014
	-4.26341e-013	8.14501e-014
	-4.77273e-013	-1.52182e-013
	-4.53268e-013	-1.14055e-013
	-6.11345e-013	-4.19508e-013
	2.02126e-014	-1.0826e-015
	-5.73445e-013	-4.01766e-013
	-5.2603e-013	-2.6968e-013
	-5.37048e-013	-2.55739e-013
	-5.42915e-013	-4.09496e-013
	-5.38436e-013	-4.07638e-013
	-4.62739e-013	-1.87923e-014
	-4.51453e-013	5.91496e-015
	-4.60465e-013	-2.70336e-014
	-5.48947e-013	-4.77917e-013
	-5.48947e-013	-4.77917e-013
	-5.39993e-013	-4.77822e-013
	-5.48947e-013	-4.77917e-013
	-5.20015e-013	-4.94889e-013
	-5.8501e-013	-3.52999e-013
	-5.82597e-013	-3.03487e-013
	-5.71455e-013	-4.60098e-013
	-5.58054e-013	-4.46261e-013
	-5.37179e-013	-4.29809e-013
	-5.39156e-013	-3.28163e-013
	-5.46986e-013	-3.0748e-013
	-4.1377e-013	9.55542e-014
	-5.40079e-013	-4.15804e-013
	-5.0895e-013	-2.73812e-013
	-5.29141e-013	-4.78724e-013
	-5.02591e-013	-4.47594e-013
	-5.07481e-013	-4.50042e-013
	-5.05245e-013	-4.11659e-013
	-5.16266e-013	-4.15449e-013
	-5.07794e-013	-3.6231e-013
	-4.77638e-013	-2.57414e-013
	-4.63101e-013	-2.55362e-013
	-5.0562e-013	-4.44601e-013
	-5.05175e-013	-4.47761e-013
	-4.56063e-013	-2.23375e-013
	-4.52545e-013	-2.07382e-013
	-4.54808e-013	-2.0433e-013
	-4.49127e-013	-1.96282e-013
	-4.35239e-013	-1.6126e-013
	-4.27351e-013	-1.59971e-013
	-4.40674e-013	-1.72771e-013
	-4.27616e-013	-1.67283e-013
	-5.2427e-013	-4.87371e-013
	-4.40148e-013	-9.044e-014
	-4.39289e-013	-4.78177e-014
	-4.35651e-013	3.13155e-014
	-4.59582e-013	-2.39369e-013
	-5.14384e-013	-3.5719e-013
	-5.27351e-013	-4.11544e-013
	-4.90769e-013	-3.90915e-013
	-4.15682e-013	6.95118e-015
	-4.20575e-013	-6.01498e-015
	-4.18831e-013	-1.7614e-013
	-4.20994e-013	-1.68194e-013
	-4.10421e-013	1.68611e-014
	-5.0142e-013	-4.12598e-013
	-4.32479e-013	-2.30656e-013
	-4.30393e-013	-2.02021e-013
	-4.85855e-013	-3.72425e-013
	-4.50686e-013	-3.46635e-013
	-4.55959e-013	-2.96567e-013
	-4.64355e-013	-2.82441e-013
	-4.79068e-013	-3.63298e-013
	-4.85855e-013	-3.72425e-013
	-4.23328e-013	-3.52402e-014
	-4.55025e-013	-3.46195e-013
	-4.50395e-013	-3.15897e-013
	-4.72752e-013	-2.68315e-013
	-5.0501e-013	-4.48808e-013
	-4.00082e-013	9.009e-014
	-5.06914e-013	-4.8313e-013
	-4.25988e-013	-1.58644e-013
	-4.08311e-013	-1.5467e-013
	-4.09761e-013	-1.3974e-013
	-4.75094e-013	-2.63598e-013
	-4.56449e-013	-2.45397e-013
	-4.04187e-013	-1.47031e-013
	-3.97937e-013	-1.27969e-013
	-4.08523e-013	-1.58712e-013
	-4.24612e-013	-1.89081e-013
	-3.90398e-013	-1.19883e-013
	-3.8286e-013	-1.11797e-013
	-4.90344e-013	-4.15767e-013
	-3.80565e-013	5.44046e-014
	-5.03441e-013	-4.83012e-013
	-4.66151e-013	-3.54882e-013
	-4.45739e-013	-3.30665e-013
	-4.50106e-013	-3.36751e-013
	-3.82859e-013	-1.11796e-013
	-4.07012e-013	-1.59999e-013
	-4.76948e-013	-5.20892e-013
	-3.62922e-013	1.38893e-013
	-4.67892e-013	-3.90877e-013
	-4.01306e-013	-1.33437e-013
	-4.01807e-013	-1.29094e-013
	-3.83366e-013	-1.22357e-013
	-3.48758e-013	-9.8149e-014
	-3.48757e-013	-9.81486e-014
	-3.55777e-013	-8.56227e-014
	-4.73879e-013	-3.56728e-013
	-4.50618e-013	-3.7218e-013
	-3.68872e-013	2.10236e-014
	-3.43492e-013	-1.07543e-013
	-3.62796e-013	-7.30968e-014
	-4.055e-013	-1.61287e-013
	-4.02911e-013	-1.56778e-013
	-4.46698e-013	-3.32397e-013
	-4.50886e-013	-3.25819e-013
	-4.79395e-013	-4.6247e-013
	-4.44116e-013	-3.30795e-013
	-3.50726e-013	4.67163e-014
	-4.44771e-013	-3.3142e-013
	-3.83366e-013	-1.22357e-013
	-4.61744e-013	-5.07968e-013
	-4.01662e-013	-2.75615e-013
	-4.06264e-013	-2.5927e-013
	-4.06287e-013	-2.58545e-013
	-4.06287e-013	-2.58545e-013
	-4.03549e-013	-2.12277e-013
	-4.04086e-013	-2.10629e-013
	-4.0571e-013	-2.02218e-013
	-4.33277e-013	-3.36287e-013
	-4.59467e-013	-4.43275e-013
	-4.74425e-013	-4.14247e-013
	-4.5938e-013	-3.92496e-013
	-4.02305e-013	-1.27203e-013
	-4.02307e-013	-1.24751e-013
	-4.04369e-013	-1.5935e-013
	-3.94626e-013	-1.5375e-013
	-3.93815e-013	-1.54672e-013
	-4.0611e-013	-2.59286e-013
	-3.91838e-013	-2.45177e-013
	-4.03012e-013	-2.13926e-013
	-3.74857e-013	-7.61943e-014
	-3.47002e-013	-1.0128e-013
	-4.4014e-013	-5.25732e-013
	-4.03518e-013	-2.14382e-013
	-3.45247e-013	-1.04411e-013
	-4.39329e-013	-4.96611e-013
	-4.3667e-013	-4.75615e-013
	-4.06816e-013	-1.96817e-013
	-4.07708e-013	-1.69021e-013
	-3.50286e-013	4.1064e-014
	-3.54257e-013	3.89008e-014
	-3.63327e-013	2.9582e-014
	-3.77893e-013	-1.99274e-013
	-3.9085e-013	-1.53812e-013
	-3.5104e-013	3.53191e-014
	-3.86735e-013	1.70528e-013
	-3.76884e-013	1.83626e-013
	-4.32559e-013	-3.36665e-013
	-3.66652e-013	-9.73165e-014
	-3.68522e-013	-9.15706e-014
	-3.65375e-013	-8.7447e-014
	-3.41009e-013	5.57869e-014
	-3.45109e-013	6.55716e-014
	-3.95764e-013	-1.53462e-013
	-4.35123e-013	-4.52461e-013
	-3.51794e-013	2.95742e-014
	-3.57788e-013	3.10852e-014
	-3.34881e-013	6.00277e-014
	-3.44858e-013	5.32097e-014
	-4.34104e-013	-5.23751e-013
	-3.65284e-013	-9.62672e-014
	-3.62678e-013	-9.30185e-014
	-3.79584e-013	-2.10337e-013
	-4.29559e-013	-3.71171e-013
	-4.26325e-013	-3.40836e-013
	-3.55127e-013	-6.14355e-014
	-3.54594e-013	-5.65195e-014
	-4.36692e-013	-3.91899e-013
	-4.06489e-013	-4.32869e-013
	-3.89175e-013	-1.52168e-013
	-3.94e-013	-1.51812e-013
	-3.90402e-013	-1.51886e-013
	-3.62228e-013	-8.33235e-014
	-3.61396e-013	-7.76953e-014
	-3.54021e-013	-1.30141e-013
	-3.63566e-013	-9.33786e-014
	-3.49209e-013	7.53562e-014
	-3.48725e-013	8.05055e-014
	-3.25275e-013	6.27174e-014
	-3.26316e-013	6.55518e-014
	-3.41351e-013	7.9553e-014
	-3.60435e-013	-8.32466e-014
	-3.5566e-013	-6.63516e-014
	-3.40528e-013	8.94284e-014
	-3.48241e-013	8.56548e-014
	-3.72769e-013	-2.16977e-013
	-3.00829e-013	1.43404e-013
	-3.08058e-013	1.44779e-013
	-3.02259e-013	1.50154e-013
	-3.67032e-013	1.96724e-013
	-3.54839e-013	-6.72211e-014
	-4.03418e-013	-4.85119e-013
	-3.06312e-013	1.4243e-013
	-2.91487e-013	1.47607e-013
	-3.14002e-013	1.92465e-013
	-4.21481e-013	-5.25131e-013
	-3.61135e-013	-1.48477e-013
	-3.34428e-013	6.05413e-014
	-3.32633e-013	6.26334e-014
	-3.98195e-013	-3.27427e-013
	-3.25985e-013	2.45081e-013
	-3.70855e-013	-2.03822e-013
	-3.30292e-013	2.10275e-013
	-3.45553e-013	2.26369e-014
	-3.13177e-013	8.63174e-014
	-3.17784e-013	7.60888e-014
	-3.25457e-013	7.81355e-014
	-3.24228e-013	7.67951e-014
	-3.50818e-013	2.21593e-013
	-3.02081e-013	2.09197e-013
	-3.08236e-013	2.11913e-013
	-3.17735e-013	2.35703e-013
	-3.49034e-013	2.24542e-014
	-3.60568e-013	-2.58749e-013
	-3.14392e-013	2.14629e-013
	-3.2133e-013	2.13755e-013
	-3.22874e-013	2.1524e-013
	-3.60435e-013	-8.32466e-014
	-3.62075e-013	-8.6236e-014
	-3.52697e-013	-1.29275e-013
	-3.63404e-013	-9.13516e-014
	-3.63725e-013	-8.98095e-014
	-3.03883e-013	1.1739e-013
	-3.22833e-013	1.4313e-013
	-3.54594e-013	-5.65195e-014
	-3.08249e-013	-7.62152e-015
	-3.12893e-013	8.20091e-014
	-3.23443e-013	1.2718e-013
	-2.67489e-013	1.623e-013
	-3.32248e-013	8.14839e-014
	-2.95247e-013	2.10062e-013
	-2.91831e-013	2.08007e-013
	-3.43954e-013	-1.48241e-013
	-4.05319e-013	-5.24487e-013
	-3.40545e-013	-5.5929e-014
	-3.36214e-013	-1.94037e-013
	-3.24419e-013	2.16725e-013
	-3.06045e-013	2.22663e-013
	-2.99727e-013	2.22811e-013
	-3.05119e-013	2.20452e-013
	-3.09047e-013	2.21912e-013
	-3.07875e-013	8.37589e-014
	-3.00887e-013	8.12434e-014
	-2.60221e-013	1.67876e-013
	-2.62885e-013	1.63077e-013
	-2.83438e-013	2.11076e-013
	-2.98848e-013	8.97913e-014
	-2.95423e-013	8.66977e-014
	-3.20452e-013	2.29565e-013
	-3.29718e-013	2.26788e-013
	-3.27189e-013	2.28873e-013
	-3.08709e-013	8.67652e-014
	-3.94221e-013	-4.39373e-013
	-3.17059e-013	2.25891e-013
	-2.2601e-013	4.22775e-014
	-2.26731e-013	3.49747e-014
	-2.87635e-013	2.09541e-013
	-2.97228e-013	-5.05176e-014
	-3.07709e-013	-5.73509e-014
	-2.60475e-013	1.47543e-013
	-2.99727e-013	2.22811e-013
	-3.10943e-013	2.32382e-013
	-3.24661e-013	2.30958e-013
	-3.07179e-013	2.19798e-013
	-2.58313e-013	1.70927e-013
	-3.95678e-013	-4.37391e-013
	-3.74045e-013	-3.60813e-013
	-2.79727e-013	-6.39173e-014
	-3.01121e-013	-1.093e-013
	-2.75471e-013	2.71342e-013
	-2.75471e-013	2.71342e-013
	-2.61285e-013	1.29443e-013
	-2.6088e-013	1.38493e-013
	-3.09019e-013	2.28945e-013
	-2.79606e-013	9.96429e-014
	-2.73773e-013	1.15774e-013
	-2.62732e-013	2.70519e-013
	-2.75471e-013	2.71342e-013
	-2.89077e-013	9.37896e-014
	-2.94036e-013	2.25665e-013
	-3.03043e-013	2.23413e-013
	-2.56995e-013	1.38404e-013
	-2.49643e-013	1.81131e-013
	-2.47473e-013	-4.15226e-014
	-2.83057e-013	2.02882e-013
	-2.8181e-013	2.03513e-013
	-2.9403e-013	2.31176e-013
	-3.9966e-013	-5.26598e-013
	-2.75471e-013	2.71342e-013
	-2.24751e-013	8.64044e-014
	-3.03406e-013	-1.49384e-013
	-3.22292e-013	-2.24352e-013
	-3.731e-013	-3.15962e-013
	-2.89694e-013	-1.36271e-013
	-2.58484e-013	1.97158e-013
	-2.80563e-013	2.04144e-013
	-2.27766e-013	1.05688e-013
	-2.67941e-013	1.31905e-013
	-2.58241e-013	2.74768e-013
	-2.61183e-013	2.70358e-013
	-2.87089e-013	2.27262e-013
	-2.49769e-013	2.72643e-013
	-2.3703e-013	2.71821e-013
	-2.5259e-013	1.86474e-013
	-2.55537e-013	1.91816e-013
	-2.76059e-013	1.96822e-013
	-2.40218e-013	1.8669e-013
	-3.65655e-013	-4.5744e-013
	-2.73905e-013	2.0637e-013
	-2.06649e-013	3.01571e-013
	-2.578e-013	1.65513e-013
	-2.55673e-013	1.76214e-013
	-3.77816e-013	-5.13135e-013
	-3.78154e-013	-4.99849e-013
	-3.61766e-013	-3.30762e-013
	-2.63934e-013	1.43358e-013
	-3.90118e-013	-4.41136e-013
	-2.40359e-013	-7.23613e-014
	-2.03282e-013	2.92099e-013
	-2.07183e-013	2.88156e-013
	-2.06285e-013	2.86313e-013
	-3.00975e-013	2.36477e-013
	-2.57994e-013	2.76045e-013
	-2.59926e-013	1.54811e-013
	-2.52852e-013	2.76095e-013
	-2.49128e-013	2.72008e-013
	-2.33717e-013	-6.37064e-014
	-3.61952e-013	-4.58541e-013
	-2.14613e-013	1.41576e-013
	-2.24827e-013	1.54799e-013
	-2.99222e-013	-1.59887e-013
	-3.22264e-013	-2.35712e-013
	-2.15596e-013	1.73729e-013
	-2.43642e-013	2.1833e-013
	-2.34874e-013	2.25266e-013
	-2.02937e-013	2.87731e-013
	-2.05387e-013	2.84471e-013
	-2.16932e-013	1.73652e-013
	-3.17451e-013	-2.0769e-013
	-3.63245e-013	-4.91798e-013
	-3.62834e-013	-4.60482e-013
	-2.06649e-013	3.01571e-013
	-2.05687e-013	8.44543e-014
	-2.08214e-013	-6.80846e-015
	-2.78027e-013	-1.3609e-013
	-2.24935e-013	2.49125e-013
	-2.20105e-013	2.61076e-013
	-2.1681e-013	2.62275e-013
	-2.35199e-013	-7.70732e-014
	-2.05286e-013	2.88891e-013
	nan	nan
	-3.74321e-013	-3.6246e-013
	-2.12273e-013	2.81829e-013
	-3.36617e-013	-2.83532e-013
	-3.40135e-013	-2.63373e-013
	-2.29765e-013	2.37174e-013
	-2.18269e-013	1.73576e-013
	-1.7754e-013	1.79533e-013
	-3.17467e-013	-4.18498e-013
	-2.98531e-013	-1.96348e-013
	-3.17883e-013	-2.47611e-013
	-3.17559e-013	-2.35684e-013
	-2.00271e-013	2.41455e-013
	-1.97144e-013	2.7182e-013
	-1.98663e-013	2.65743e-013
	-2.16883e-013	2.74992e-013
	-1.99596e-013	2.85641e-013
	-2.28436e-013	-7.35338e-014
	-2.02599e-013	2.34991e-013
	-2.78483e-013	-1.3786e-013
	-1.85959e-013	1.37355e-013
	-1.756e-013	1.8135e-013
	-1.98912e-013	-3.0387e-014
	-1.9617e-013	2.9176e-013
	-1.98647e-013	2.70417e-013
	-1.95932e-013	2.80482e-013
	-1.82249e-013	1.65475e-013
	-3.05377e-013	-3.88573e-013
	-2.082e-013	2.96468e-013
	-2.13565e-013	3.35699e-014
	-3.00554e-013	-2.89675e-013
	-1.99258e-013	2.72593e-013
	-3.10267e-013	-4.29465e-013
	-2.02293e-013	-9.45674e-015
	-2.3243e-013	-1.25678e-013
	-2.16633e-013	-8.76032e-014
	-2.91212e-013	-2.61458e-013
	-2.00524e-013	2.89712e-013
	-2.09752e-013	2.91366e-013
	-1.59668e-013	3.32218e-013
	-1.90618e-013	2.95032e-013
	-1.73588e-013	2.54348e-013
	-2.40037e-013	-1.37587e-013
	-2.32813e-013	-1.47992e-013
	-1.69879e-013	1.84797e-013
	-1.30915e-013	2.30506e-013
	-2.08178e-013	-7.50761e-014
	-1.8522e-013	-3.35827e-014
	-2.81914e-013	-3.84527e-013
	-2.6851e-013	-3.56471e-013
	-1.85686e-013	9.42022e-014
	-1.72359e-013	1.31166e-013
	-2.35456e-013	-2.4327e-013
	-2.03433e-013	2.92671e-013
	-1.97114e-013	2.93977e-013
	-1.47372e-013	3.46386e-013
	-2.17873e-013	-2.10337e-013
	-3.03888e-013	-4.28073e-013
	-1.44665e-013	2.60918e-013
	-1.39302e-013	3.21297e-013
	-1.84151e-013	9.0135e-014
	-1.87413e-013	-1.71602e-013
	-1.52818e-013	1.67957e-013
	-2.21939e-013	-2.49059e-013
	-1.889e-013	3.90004e-015
	-1.71743e-013	-1.32606e-013
	-1.81828e-013	-9.66193e-014
	-1.2237e-013	2.89886e-013
	-1.39325e-013	1.93034e-013
	-1.45826e-013	3.6184e-013
	-1.1884e-013	3.01175e-013
	-1.61814e-013	-8.52614e-014
	-2.61885e-013	-3.60653e-013
	-1.95527e-013	-2.02846e-013
	-2.23376e-013	-2.45504e-013
	-2.58565e-013	-4.00632e-013
	-1.36907e-013	1.04371e-014
	-1.52815e-013	8.16513e-014
	-1.47235e-013	9.02624e-014
	-1.29722e-013	1.26565e-013
	-1.95018e-013	-2.21536e-013
	-1.38531e-013	-7.97043e-015
	-8.82093e-014	2.76913e-013
	-1.14931e-013	3.60628e-013
	-1.48354e-013	-1.05984e-013
	-1.19857e-013	3.07678e-013
	-1.22049e-013	2.01788e-013
	-1.12999e-013	2.19274e-013
	-1.72838e-013	-1.68629e-013
	-1.8213e-013	-2.94648e-013
	-1.72038e-013	-1.9087e-013
	-9.28393e-014	3.41981e-013
	-1.27259e-013	1.56373e-013
	-1.4243e-013	-2.84546e-014
	-1.84675e-013	-2.18967e-013
	-1.29049e-013	1.22852e-013
	-2.25537e-013	-4.13988e-013
	-7.81831e-014	2.84034e-014
	-1.0932e-013	1.72888e-013
	-9.95152e-014	1.7601e-013
	-9.40474e-014	3.07828e-013
	-9.12352e-014	3.3549e-013
	-8.60119e-014	3.53841e-013
	-6.52335e-014	4.18719e-013
	-1.0222e-013	1.68363e-013
	-1.66441e-013	-2.86031e-013
	-1.66528e-013	-2.66352e-013
	-1.644e-013	-3.69671e-013
	-1.655e-013	-3.02297e-013
	-1.45726e-013	-1.12769e-013
	-2.28691e-013	-4.22964e-013
	-1.48605e-013	-1.6741e-013
	-1.46441e-013	-1.57862e-013
	-2.05854e-013	-4.62495e-013
	-2.07073e-013	-4.58506e-013
	-9.69159e-014	1.14108e-013
	-1.26308e-013	-8.93716e-014
	-1.51951e-013	-1.8399e-013
	-1.47507e-013	-1.67818e-013
	-1.07627e-013	2.09651e-013
	-9.93792e-014	1.26014e-013
	-9.46002e-014	1.64698e-013
	-1.21663e-013	-6.4287e-014
	-1.95855e-013	-4.46793e-013
	-6.24699e-014	3.41747e-013
	-1.53509e-013	-2.04519e-013
	-1.67746e-013	-3.99059e-013
	-8.44747e-014	2.3926e-013
	-1.52117e-013	-2.71524e-013
	-7.61486e-014	3.03426e-013
	-1.90285e-013	-4.54562e-013
	-1.43225e-013	-2.58253e-013
	-1.43724e-013	-3.1678e-013
	-1.55359e-013	-2.99007e-013
	-6.79586e-014	6.96653e-014
	-1.46169e-013	-2.78655e-013
	-1.12437e-013	-6.34923e-014
	-6.90369e-014	2.37003e-013
	-9.16879e-014	1.27487e-013
	-1.07961e-013	-6.51939e-014
	-1.24374e-013	-1.78332e-013
	-6.55683e-014	2.49682e-013
	-5.39467e-014	4.20398e-013
	-1.24992e-013	-1.05713e-013
	-3.29969e-014	3.76357e-013
	-1.3203e-013	-4.27054e-013
	-1.27308e-013	-3.99302e-013
	-1.26279e-013	-1.60351e-013
	-1.19321e-013	-3.83161e-013
	-1.15781e-013	-2.68915e-013
	-8.90411e-014	-1.29748e-013
	-5.89147e-014	7.15012e-014
	-6.77077e-014	2.43089e-013
	-3.07068e-014	1.95136e-013
	-2.67914e-014	2.10032e-013
	-4.51812e-014	3.13579e-013
	-3.80814e-014	3.27148e-013
	-1.06372e-013	-6.58344e-014
	-1.11156e-013	-2.84888e-013
	-4.26251e-014	1.69907e-013
	-1.09264e-013	-2.62951e-013
	-2.52707e-014	1.44909e-013
	-3.97583e-014	3.38819e-013
	-3.84852e-014	3.43536e-013
	-7.45584e-014	-9.87646e-014
	-3.40158e-014	2.68186e-013
	-4.342e-014	3.0009e-013
	-1.09752e-013	-3.93565e-013
	-1.165e-013	-3.83061e-013
	-1.13216e-013	-3.80979e-013
	-2.87868e-014	1.96382e-013
	-1.36251e-013	-4.69731e-013
	-7.88071e-014	-6.25062e-014
	-1.14246e-013	-2.66487e-013
	-2.51945e-014	3.26411e-013
	-1.90201e-014	3.3333e-013
	-1.5226e-014	2.58748e-013
	-5.395e-014	5.41089e-014
	-1.90848e-014	1.95957e-013
	-2.3918e-014	1.4434e-013
	-1.00615e-013	-2.81857e-013
	-5.26155e-014	-2.19542e-013
	-7.09188e-014	-1.41973e-013
	-2.84797e-014	3.72118e-013
	-7.46471e-014	-1.21419e-013
	-1.13127e-014	9.56061e-014
	-9.5432e-015	1.28484e-013
	-8.62366e-015	2.59811e-013
	-1.65218e-014	2.01856e-013
	-1.61224e-014	3.07625e-013
	-1.44755e-014	3.12215e-013
	1.80051e-014	3.97597e-013
	-1.05519e-013	-4.20712e-013
	-5.07594e-014	-3.43055e-013
	-5.88007e-014	-3.0298e-013
	-3.92962e-014	-6.95229e-014
	-6.75753e-014	-1.25353e-013
	-1.40385e-014	3.15099e-013
	-3.91321e-014	-2.12526e-013
	-2.14534e-014	5.84011e-014
	-4.03737e-014	-2.62136e-013
	-3.49853e-014	-2.35115e-013
	-1.0691e-013	-4.64977e-013
	-1.59548e-015	1.48037e-013
	1.83336e-015	1.88308e-013
	-3.51354e-014	3.61325e-014
	-1.78209e-014	2.68275e-014
	-2.11534e-016	-2.01977e-014
	-2.08228e-014	1.28994e-014
	-1.04881e-014	3.34444e-013
	-1.54453e-014	2.0956e-013
	-2.0058e-015	1.36461e-013
	-2.92745e-014	-2.77558e-013
	1.99332e-014	4.16658e-013
	5.61623e-015	1.45803e-013
	-5.21375e-014	-1.18273e-013
	-4.70908e-014	-9.72401e-014
	-7.50749e-014	-4.82184e-013
	-1.66527e-015	1.10462e-013
	-8.12025e-014	-4.04279e-013
	-1.86028e-014	-2.60057e-013
	-8.13543e-015	9.04868e-014
	-3.34648e-014	-2.03723e-013
	2.92775e-014	1.66052e-013
	-3.3905e-014	-3.30958e-013
	-3.15148e-014	-2.78248e-013
	-4.70214e-015	2.57565e-013
	4.13536e-015	3.01677e-013
	-4.17488e-014	-1.26e-013
	3.75761e-014	-6.11036e-014
	4.62574e-015	4.97052e-014
	1.33535e-014	2.17069e-013
	5.09524e-015	2.54577e-013
	-7.76191e-014	-4.70809e-013
	3.09352e-014	4.18438e-013
	3.39722e-014	3.58139e-013
	-3.87808e-014	-3.65671e-013
	-4.30023e-014	-3.43431e-013
	1.24786e-015	-4.65381e-015
	-6.7707e-014	-4.59252e-013
	1.83298e-014	1.46911e-013
	3.02523e-014	4.07614e-013
	4.02748e-014	9.01244e-014
	4.12266e-014	9.33125e-014
	7.36708e-015	-2.39861e-013
	-2.25266e-015	-2.14545e-013
	-1.75146e-015	-2.07851e-013
	-3.28847e-014	-3.30742e-013
	-1.52895e-014	-2.65108e-013
	3.68884e-014	1.72622e-013
	3.72426e-014	3.50091e-013
	-7.46768e-014	-4.85901e-013
	1.49153e-014	-1.61878e-013
	2.01947e-014	-8.79468e-014
	4.91433e-014	1.20381e-013
	4.23507e-014	3.14001e-013
	2.18944e-014	4.32644e-014
	-2.43565e-014	-3.87687e-013
	4.1204e-014	4.02145e-013
	3.70477e-014	4.18881e-013
	-5.24598e-014	-4.77396e-013
	3.47997e-014	2.36441e-013
	1.963e-014	-1.22986e-014
	3.33977e-014	2.62006e-013
	5.00644e-014	1.89813e-013
	3.86882e-014	3.60804e-013
	3.87312e-014	2.43971e-014
	6.04477e-014	7.53571e-014
	5.61274e-014	8.54445e-014
	2.75271e-014	-1.4624e-013
	1.90907e-014	-9.113e-014
	4.87454e-014	1.18436e-013
	4.76019e-014	1.42651e-013
	-3.45878e-014	-3.63926e-013
	3.26365e-014	1.65848e-013
	5.30692e-014	9.05305e-014
	8.63483e-015	-2.12659e-013
	4.37913e-014	2.48449e-013
	2.40894e-014	-1.69647e-013
	-2.36141e-014	-3.73177e-013
	2.63428e-015	-4.52476e-013
	9.5089e-015	-2.52597e-013
	6.32617e-014	6.33408e-014
	1.07424e-013	2.02622e-013
	4.92268e-014	1.31573e-013
	7.41544e-014	4.31973e-013
	4.19831e-014	3.44715e-013
	4.85655e-014	8.53768e-015
	4.6158e-015	-4.64065e-013
	3.93142e-014	-3.25183e-013
	4.62451e-014	-3.05876e-013
	3.40645e-014	-3.39015e-013
	7.84791e-014	2.48092e-013
	7.88117e-014	2.70706e-013
	9.91234e-014	1.62381e-013
	5.38083e-014	-2.00219e-013
	7.61033e-014	8.72198e-014
	7.82285e-014	3.73088e-013
	7.07894e-014	3.89022e-013
	7.19585e-014	4.09216e-013
	9.64732e-014	1.418e-013
	8.37892e-014	3.58275e-013
	3.7602e-014	-4.31728e-013
	4.18073e-014	-3.89017e-013
	6.10043e-014	1.45924e-014
	6.8511e-014	6.14902e-014
	5.09592e-014	-1.7178e-013
	2.79546e-014	-2.50763e-013
	3.39031e-014	-2.49034e-013
	8.77889e-014	3.41066e-013
	5.61544e-014	-3.00338e-013
	2.17709e-014	-4.65706e-013
	9.46134e-014	2.88939e-013
	9.06788e-014	2.99199e-013
	1.24379e-013	4.98541e-013
	3.96335e-014	-3.27316e-013
	5.9578e-014	-2.15404e-013
	8.98563e-014	3.70978e-013
	1.1574e-013	2.37229e-013
	1.01741e-013	1.46686e-013
	1.03832e-013	1.57497e-013
	1.088e-013	1.64868e-013
	7.3416e-014	-1.61083e-013
	6.69288e-014	-8.90289e-014
	1.08084e-013	3.13084e-013
	1.05641e-013	3.31638e-013
	8.18672e-014	4.25371e-013
	9.43506e-014	3.78864e-013
	1.08662e-013	3.6113e-013
	9.96671e-014	-2.74079e-013
	1.03634e-013	1.31491e-013
	7.62476e-014	5.91021e-014
	5.18559e-014	-4.27469e-013
	6.23379e-014	-4.00901e-013
	6.88109e-014	-3.72461e-013
	6.49066e-014	-3.39059e-013
	1.08153e-013	3.29867e-013
	7.10978e-014	-1.94132e-013
	6.61877e-014	-8.12013e-014
	7.57676e-014	-2.21393e-013
	1.45344e-013	5.15732e-013
	9.73403e-014	-3.10308e-013
	9.23379e-014	-2.98788e-013
	7.35681e-014	-2.0553e-013
	1.10838e-013	1.46503e-013
	1.10146e-013	1.55309e-013
	1.2286e-013	1.91535e-013
	1.06712e-013	-9.05891e-015
	1.07218e-013	3.33377e-015
	1.20769e-013	2.18865e-013
	1.17142e-013	3.7546e-013
	8.11573e-014	6.45349e-014
	1.41606e-013	4.18178e-013
	1.08252e-013	1.10883e-013
	8.61292e-014	-9.959e-014
	1.71137e-013	4.96054e-013
	1.2142e-013	3.27814e-013
	9.33831e-014	-7.54508e-014
	1.31535e-013	2.45399e-013
	1.29698e-013	3.00396e-013
	7.67192e-014	-4.06894e-013
	9.48664e-014	-2.32755e-013
	8.63951e-014	-3.63081e-013
	1.21629e-013	1.83666e-013
	1.26976e-013	1.95613e-013
	8.13298e-014	-1.8041e-013
	1.33036e-013	-4.94715e-014
	1.09261e-013	-2.91111e-013
	1.85749e-013	5.46148e-013
	2.01778e-013	5.89987e-013
	1.092e-013	1.0957e-013
	1.16174e-013	1.50407e-013
	8.11025e-014	-2.07155e-013
	1.89354e-013	5.34771e-013
	1.21454e-013	8.03144e-015
	1.13273e-013	5.40683e-014
	1.386e-013	2.22479e-013
	1.26045e-013	1.31774e-013
	1.46941e-013	3.7055e-013
	1.21191e-013	9.60629e-016
	1.80128e-013	4.17907e-013
	1.9728e-013	4.44036e-013
	1.01777e-013	-1.36e-013
	1.36336e-013	6.87692e-014
	1.40417e-013	7.02397e-014
	2.10223e-013	6.05529e-013
	1.1752e-013	-7.08623e-014
	1.52075e-013	3.55467e-013
	9.91482e-014	-2.00302e-013
	9.65122e-014	-1.90753e-013
	1.06996e-013	-3.054e-013
	1.34317e-013	2.04632e-013
	1.20366e-013	-2.354e-013
	1.37662e-013	1.83413e-013
	1.29938e-013	1.20299e-013
	1.42474e-013	1.76099e-013
	1.30481e-013	2.44303e-013
	1.47191e-013	2.67873e-013
	1.51639e-013	1.99952e-014
	1.23893e-013	-2.23408e-013
	1.4044e-013	3.21063e-013
	1.67618e-013	-2.10182e-014
	1.63029e-013	-8.99352e-015
	2.16498e-013	5.35491e-013
	2.32396e-013	5.54563e-013
	2.17646e-013	5.84758e-013
	1.09558e-013	-1.80627e-013
	1.11962e-013	-1.39628e-013
	2.16281e-013	4.97241e-013
	1.0659e-013	-2.84461e-013
	2.0429e-013	4.44878e-013
	1.79965e-013	3.79206e-013
	1.64411e-013	7.02566e-014
	1.3518e-013	1.28074e-013
	1.5366e-013	-5.09489e-014
	2.1692e-013	6.10884e-013
	1.27898e-013	-2.64899e-013
	1.22991e-013	-2.33756e-013
	1.47754e-013	1.72357e-013
	1.48495e-013	1.83037e-013
	1.38345e-013	-1.97483e-013
	1.53967e-013	2.36888e-013
	1.71665e-013	5.05749e-014
	1.78433e-013	-2.39106e-014
	2.00027e-013	2.95631e-013
	2.30285e-013	5.36346e-013
	1.30058e-013	-2.29649e-013
	1.51381e-013	1.78757e-013
	2.30977e-013	5.82675e-013
	1.31443e-013	-2.72018e-013
	2.33097e-013	4.59214e-013
	1.89537e-013	-1.46175e-013
	2.37827e-013	5.25324e-013
	1.4575e-013	2.16079e-013
	1.24279e-013	-2.83755e-013
	2.33029e-013	4.24207e-013
	2.34741e-013	4.37721e-013
	2.01895e-013	3.41097e-013
	1.62471e-013	2.3466e-013
	2.06301e-013	7.00835e-014
	2.14011e-013	9.27453e-014
	2.07844e-013	7.23735e-014
	2.03819e-013	2.54372e-014
	1.95675e-013	5.07112e-014
	2.27981e-013	3.5976e-013
	2.21871e-013	6.38453e-014
	1.74654e-013	-3.58724e-014
	1.78615e-013	-2.52954e-013
	1.76238e-013	-1.89349e-013
	1.7336e-013	-2.12127e-013
	1.81109e-013	-1.96308e-013
	2.22994e-013	1.10709e-013
	1.82307e-013	1.71409e-013
	1.96052e-013	1.93368e-013
	1.83937e-013	2.12173e-013
	2.641e-013	5.2757e-013
	2.55791e-013	4.69205e-013
	2.50524e-013	3.84471e-013
	1.90581e-013	2.3146e-013
	1.93778e-013	-2.29697e-013
	1.75688e-013	-2.69567e-013
	1.81138e-013	-2.57389e-013
	1.84713e-013	-2.86272e-013
	1.97832e-013	2.1992e-013
	2.37884e-013	3.28857e-013
	2.40947e-013	4.3402e-013
	2.12142e-013	-1.07812e-013
	2.5456e-013	2.75253e-013
	2.62861e-013	4.60854e-013
	2.4901e-013	2.92888e-013
	2.33819e-013	1.43392e-013
	2.07728e-013	-1.6636e-013
	1.81847e-013	-2.89581e-014
	2.24002e-013	2.13211e-013
	2.25727e-013	2.15606e-013
	2.2455e-013	9.78292e-014
	1.84396e-013	-2.4891e-013
	2.53007e-013	3.50714e-013
	3.35119e-013	5.13702e-013
	3.3263e-013	5.28123e-013
	2.7683e-013	3.82368e-013
	2.67888e-013	4.24138e-013
	2.72417e-013	2.46803e-013
	2.03584e-013	-2.85436e-013
	2.03875e-013	-2.77683e-013
	2.50736e-013	1.93619e-013
	2.25875e-013	-7.23944e-014
	2.09546e-013	3.71829e-014
	2.54662e-013	2.0342e-013
	2.13071e-013	-1.47343e-013
	2.23457e-013	-1.18208e-013
	2.78544e-013	2.79777e-013
	2.97503e-013	4.53427e-013
	2.23972e-013	6.23666e-015
	2.44486e-013	1.23724e-013
	2.27433e-013	-2.18792e-013
	2.30017e-013	-1.86745e-013
	3.20728e-013	3.10511e-013
	3.15956e-013	3.44209e-013
	3.15223e-013	3.65263e-013
	2.27413e-013	-2.30767e-013
	2.46942e-013	1.12641e-013
	2.32292e-013	-2.43453e-013
	2.52804e-013	-2.58661e-014
	2.44888e-013	-7.1377e-014
	2.29974e-013	-2.75023e-013
	2.38149e-013	-2.55873e-013
	3.18189e-013	3.78218e-013
	3.12779e-013	4.4254e-013
	3.40484e-013	4.92904e-013
	2.52816e-013	-1.48669e-013
	2.5501e-013	-1.43845e-013
	2.6506e-013	1.35738e-013
	2.67754e-013	1.94255e-013
	2.50787e-013	-1.74699e-013
	2.58819e-013	8.67493e-015
	2.5986e-013	2.06157e-013
	3.22212e-013	2.99856e-013
	2.73005e-013	1.04241e-013
	3.34383e-013	3.49238e-013
	3.21538e-013	2.87803e-013
	2.42921e-013	-2.44154e-013
	3.47276e-013	4.61125e-013
	2.74176e-013	-1.40645e-013
	2.88414e-013	-8.66518e-014
	3.51113e-013	5.11769e-013
	3.39714e-013	3.22172e-013
	3.46186e-013	3.39808e-013
	2.82035e-013	-4.15044e-014
	2.78944e-013	1.93114e-013
	2.82926e-013	2.39221e-013
	2.78952e-013	4.61943e-014
	2.70028e-013	6.15047e-014
	3.60474e-013	3.54387e-013
	2.77836e-013	2.30948e-013
	3.40407e-013	3.89112e-013
	2.69763e-013	8.1052e-014
	3.13514e-013	1.81974e-013
	2.79197e-013	-2.12319e-014
	3.69947e-013	3.70105e-013
	2.59665e-013	-2.47058e-013
	2.9496e-013	-1.88469e-013
	3.15789e-013	-1.1464e-013
	3.10803e-013	-9.29924e-014
	3.34494e-013	2.97702e-013
	3.53353e-013	2.12558e-013
	3.15013e-013	-9.19344e-014
	3.32766e-013	1.41569e-013
	3.36006e-013	1.73992e-013
	3.32627e-013	1.6067e-014
	3.21273e-013	4.02772e-014
	3.15603e-013	-5.9625e-014
	3.86481e-013	2.36544e-013
	3.54322e-013	2.8941e-013
	3.90479e-013	3.24406e-013
	3.01254e-013	-1.81541e-013
	2.89719e-013	-1.46883e-013
	3.82138e-013	3.63408e-013
	3.2266e-013	-9.36173e-015
	3.09482e-013	9.63297e-014
	3.42486e-013	1.7678e-013
	3.10988e-013	1.00549e-013
	3.58646e-013	-4.0802e-014
	3.57972e-013	-3.99632e-014
	3.41018e-013	5.69908e-014
	3.35719e-013	8.67325e-014
	3.01681e-013	-1.9715e-013
	3.91978e-013	2.09259e-013
	3.441e-013	2.42125e-014
	3.93601e-013	2.5754e-013
	3.02356e-013	-1.86197e-013
	3.57108e-013	-4.25909e-014
	3.4128e-013	1.5563e-014
	3.66303e-013	-3.37017e-014
	3.65622e-013	1.79681e-013
	3.28011e-013	-1.51662e-013
	3.28561e-013	1.03265e-013
	4.28651e-013	3.78717e-013
	4.0771e-013	2.64921e-013
	3.14852e-013	-2.12403e-013
	3.37593e-013	1.07417e-013
	3.48355e-013	5.59749e-014
	4.19002e-013	2.29449e-013
	3.63597e-013	-7.23811e-014
	3.15303e-013	-2.09527e-013
	3.06213e-013	-1.97626e-013
	3.33012e-013	-1.53976e-013
	4.02852e-013	-6.57771e-015
	3.38468e-013	-1.34702e-013
	3.6222e-013	1.63565e-013
	4.05717e-013	2.05494e-013
	4.05799e-013	2.05688e-013
	3.85939e-013	3.65122e-014
	3.82303e-013	5.67569e-014
	3.82669e-013	9.52866e-014
	3.8837e-013	1.08298e-013
	4.23522e-013	2.73295e-013
	4.12307e-013	1.46135e-013
	4.17431e-013	3.41969e-013
	4.21871e-013	2.11504e-013
	4.31231e-013	2.23382e-013
	3.71766e-013	-9.2589e-014
	3.47768e-013	-1.64146e-013
	4.17742e-013	-1.10857e-014
	3.50609e-013	-1.52028e-013
	3.9669e-013	-4.18962e-014
	4.40293e-013	2.14883e-013
	4.32724e-013	3.33596e-013
	4.15731e-013	-5.2204e-015
	4.17477e-013	-1.72916e-015
	3.98854e-013	6.33802e-014
	4.11401e-013	9.09695e-014
	4.16706e-013	1.15304e-013
	4.14608e-013	3.99516e-014
	4.48351e-013	3.20029e-013
	3.9681e-013	-1.21172e-013
	3.95254e-013	-9.7176e-014
	3.85744e-013	-2.08456e-013
	4.03966e-013	-1.77507e-013
	4.32378e-013	-7.47062e-014
	4.29407e-013	-6.85305e-014
	4.23497e-013	-7.14156e-015
	4.26411e-013	-1.17414e-014
	4.18007e-013	-1.32705e-013
	4.51836e-013	3.24753e-013
	4.30652e-013	2.49278e-013
	4.29417e-013	5.05822e-014
	4.30607e-013	8.68866e-014
	4.16738e-013	1.21152e-013
	4.4302e-013	7.03493e-015
	4.45086e-013	2.70359e-014
	4.48243e-013	3.09115e-013
	4.34196e-013	-6.6521e-014
	4.29758e-013	-1.48991e-013
	4.55137e-013	-1.21919e-013
	4.65893e-013	2.51235e-013
	4.5945e-013	3.00575e-013
	4.51223e-013	2.06078e-014
	4.49567e-013	1.39913e-013
	4.58474e-013	5.00859e-014
	4.59917e-013	1.24728e-013
	4.34724e-013	-1.71605e-013
	4.42317e-013	-1.49755e-013
	4.61657e-013	-2.96766e-014
	4.52707e-013	-1.58818e-014
	4.54074e-013	1.11137e-015
	4.70004e-013	3.07813e-013
	4.56185e-013	1.45824e-014
	4.57262e-013	2.48197e-013
	4.98378e-013	1.01101e-013
	4.65514e-013	2.62157e-013
	4.74473e-013	-7.44776e-014
	4.66913e-013	3.00506e-014
	4.99137e-013	3.28691e-013
	4.78863e-013	-4.72467e-014
	4.62576e-013	-1.80088e-013
	4.78198e-013	1.44729e-013
	4.84185e-013	-1.46396e-013
	4.98838e-013	1.03713e-013
	4.66805e-013	2.45945e-013
	4.62355e-013	4.74091e-015
	5.03201e-013	3.13512e-013
	5.09929e-013	9.4444e-014
	5.03885e-013	2.83703e-013
	4.79035e-013	-3.58788e-014
	4.92574e-013	-1.96926e-013
	4.9512e-013	-1.14788e-013
	4.77887e-013	-3.28098e-014
	5.05568e-013	2.76074e-013
	4.93865e-013	-5.08679e-014
	5.42363e-013	3.78065e-013
	5.35061e-013	3.88508e-013
	5.22621e-013	8.17267e-014
	5.5484e-013	4.10894e-013
	-2.9129e-014	1.4533e-014
	4.97714e-013	-3.24656e-013
	4.91995e-013	-3.06992e-013
	5.04654e-013	1.12221e-013
	5.00508e-013	1.79403e-013
	4.97716e-013	1.67226e-014
	5.44705e-013	3.08644e-013
	4.95582e-013	-3.0018e-013
	4.89551e-013	-2.59844e-013
	4.96658e-013	-4.95499e-014
	5.21381e-013	2.5805e-013
	5.05634e-013	-2.16923e-013
	5.60142e-013	3.39809e-013
	5.16932e-013	-1.14534e-013
	5.03589e-013	-5.18249e-014
	5.54068e-013	4.07447e-013
	5.22304e-013	1.0379e-013
	-1.3092e-014	6.532e-015
	5.2022e-013	-1.17167e-013
	5.14442e-013	1.97976e-013
	5.13899e-013	-2.32136e-013
	5.19989e-013	8.92365e-014
	5.15523e-013	1.23969e-013
	5.36276e-013	-1.73276e-013
	5.75744e-013	2.79404e-013
	5.69414e-013	3.05179e-013
	5.52506e-013	2.33441e-013
	5.40915e-013	2.49747e-013
	5.17852e-013	-3.92099e-014
	5.82348e-013	3.89476e-013
	5.2331e-013	-1.05304e-013
	5.36413e-013	-2.03137e-013
	5.79189e-013	3.09552e-013
	1.3092e-014	-6.532e-015
	5.60331e-013	-2.75227e-013
	5.41145e-013	-2.31019e-013
	5.20619e-013	-4.14983e-014
	5.24187e-013	1.85357e-013
	5.32661e-013	6.73932e-014
	5.50447e-013	-2.20354e-013
	5.29933e-013	8.75097e-014
	5.52689e-013	-3.16728e-013
	5.60202e-013	2.24694e-013
	6.04018e-013	3.66715e-013
	5.66407e-013	-3.48665e-015
	5.87716e-013	2.94387e-013
	5.68956e-013	-6.43155e-014
	5.64421e-013	-1.93828e-013
	5.62685e-013	7.10548e-014
	5.99319e-013	3.25037e-014
	5.67509e-013	-1.97834e-013
	5.67196e-013	-2.41768e-013
	5.6772e-013	-1.69248e-013
	5.71252e-013	-1.21173e-013
	5.66144e-013	-2.8749e-013
	5.90445e-013	-4.68418e-014
	5.64876e-013	1.87956e-013
	5.64382e-013	2.14136e-013
	6.18475e-013	3.6481e-013
	6.1173e-013	3.22107e-013
	5.847e-013	-7.13864e-014
	5.97734e-013	2.38457e-013
	6.05178e-013	2.50248e-013
	6.05743e-013	-3.38953e-013
	6.13893e-013	4.52203e-014
	5.93109e-013	2.9536e-013
	6.24847e-013	1.29293e-014
	6.25747e-013	2.31155e-014
	5.70129e-013	-2.81669e-013
	5.98365e-013	2.20951e-013
	5.849e-013	-2.36665e-013
	5.89494e-013	-2.16126e-013
	5.71611e-013	-1.69912e-013
	6.23554e-013	3.45773e-013
	6.67703e-013	4.14627e-013
	5.91816e-013	1.91575e-013
	6.25445e-013	4.10464e-014
	6.33656e-013	-3.30984e-013
	6.34967e-013	-3.12087e-013
