1732
-31.003 2.6944
-31.426 3.766
-31.362 -10.485
-30.817 -9.5023
-31.326 -3.2486
-31.29 -2.2605
-30.727 -4.4744
-30.662 -7.9853
-30.906 -6.7911
-30.982 -5.5955
-30.77 10.459
-31.079 11.357
-30.478 -15.813
-30.876 -14.875
-30.717 5.2027
-30.161 6.1399
-30.586 -26.597
-30.375 -25.196
-30.586 27.3
-30.375 28.7
-30.589 8.2003
-30.529 9.3985
-30.342 -18.25
-30.584 -17.099
-30.037 20.278
-28.82 22.201
-30.862 -19.909
-30.309 -19.258
-28.741 12.587
-29.659 15.091
-30.79 15.92
-30.288 3.9434
-30.392 -23.744
-30.435 -22.317
-30.112 -3.082
-30.354 -10.957
-30.054 24.145
-30.185 29.93
-29.383 -21.045
-29.733 11.184
-30.078 16.789
-29.9 0.094122
-29.903 0.92195
-29.846 -14.82
-29.783 2.059
-29.752 -29.543
-29.647 -28.493
-29.647 25.404
-29.331 -6.5409
-29.86 -5.4193
-29.481 -27.103
-29.481 26.793
-29.21 8.7754
-29.66 10.14
-29.678 18.618
-29.537 -18.825
-29.34 3.0273
-29.517 17.779
-29.271 -25.832
-29.271 28.064
-29.442 -17.323
-29.449 -9.4136
-28.854 -7.8743
-29.578 7.9927
-29.357 -22.848
-29.305 -16.352
-27.602 0.70206
-29.438 -23.698
-29.438 30.198
-29.142 30.774
-28.884 -24.6
-28.884 29.296
-28.384 4.1813
-28.923 -11.767
-29.453 -10.973
-28.693 6.9016
-27.226 -29.052
-27.386 -3.871
-27.131 24.404
-29.159 -10.39
-28.781 16.686
-28.743 -5.2005
-28.553 -19.11
-27.56 19.139
-28.92 1.2462
-28.359 -16.237
-28.561 -14.988
-28.875 1.9774
-28.325 2.6318
-27.052 -9.364
-28.382 -13.656
-27.691 -17.889
-28.534 -28.463
-28.534 25.433
-28.241 -12.564
-27.008 9.2534
-28.583 -10.357
-27.337 -23
-28.172 -27.409
-28.172 26.488
-27.965 -10.97
-27.411 -25.775
-28.34 -25.477
-27.411 28.121
-28.34 28.419
-27.824 5.7932
-27.431 13.654
-27.735 15.176
-26.532 16.26
-27.386 -6.5731
-27.712 6.7236
-26.595 -15.141
-26.715 -12.389
-27.564 -21.236
-26.842 -19.95
-27.199 7.1774
-27.271 -27.577
-27.271 26.319
-26.205 11.537
-27.142 3.3251
-27.176 4.4458
-26.067 5.2523
-25.141 -27.053
-25.141 26.843
-26.976 -7.5881
-26.854 -17.106
-26.892 3.8131
-26.653 22.701
-26.359 14.449
-26.8 -21.268
-26.03 6.9641
-26.33 -11.072
-26.017 17.951
-26.146 -7.5289
-26.241 -6.3548
-25.897 21.096
-26.013 -18.332
-25.486 -2.901
-26.004 -1.6228
-26.083 3.7886
-25.499 -13.914
-25.977 -25.345
-25.572 -24.026
-25.977 28.551
-25.572 29.87
-25.773 2.5313
-25.998 1.6319
-24.604 -16.89
-25.492 22.695
-25.601 13.16
-25.662 -11.574
-24.411 -0.96764
-25.2 1.0619
-25.407 6.1773
-25.491 -22.13
-25.312 -21.052
-24.86 -4.1216
-24.898 9.5417
-24.979 -10.387
-25.035 -13.004
-24.794 16.4
-24.361 17.774
-25.058 -7.0367
-25.07 -5.2571
-25.176 -2.0424
-24.433 -19.867
-24.837 3.8549
-24.739 19.512
-24.35 20.961
-24.517 -23.089
-24.428 30.541
-24.548 7.3746
-24.125 -18.281
-24.703 2.8942
-24.745 -8.9184
-24.735 -25.406
-24.735 28.491
-24.098 10.911
-24.908 12.302
-24.492 -24.309
-24.492 29.587
-24.205 -29.755
-24.16 23.553
-24.557 5.6145
-23.907 12.922
-23.771 -12.168
-24.257 0.69416
-24.07 15.107
-24.355 22.091
-23.834 -15.124
-23.512 -21.522
-23.326 -28.831
-23.326 25.065
-23.931 -3.1804
-23.662 2.2855
-23.652 -4.9318
-23.39 -10.356
-23.599 16.179
-23.44 -6.9802
-23.29 4.36
-23.679 20.058
-23.269 8.0182
-23.603 18.95
-23.499 -8.9388
-23.452 -25.733
-23.452 28.163
-23.614 -24.55
-23.614 29.346
-22.603 -17.462
-22.833 9.1506
-23.291 1.0201
-22.548 -14.55
-22.769 -0.084456
-22.298 -23.716
-22.265 29.985
-22.896 6.3782
-22.456 -20.012
-22.673 14.076
-22.749 20.711
-22.75 22.262
-22.755 -3.6836
-22.074 -30.095
-22.049 23.608
-22.653 11.326
-22.478 -11.55
-22.37 -26.956
-22.37 26.94
-22.547 -6.0917
-22.294 -5.2154
-21.711 16.634
-22.357 18.157
-22.614 18.839
-22.508 15.936
-21.568 -2.9338
-22.403 -1.5151
-22.477 12.678
-21.915 1.4481
-22.303 -18.724
-22.196 -13.077
-22.263 -25.403
-22.263 28.493
-22.118 -9.4674
-22.1 -7.829
-22.063 -16.178
-22.102 19.464
-21.857 -28.426
-21.857 25.47
-21.566 14.759
-22.072 -22.036
-22.106 -21.035
-22.075 3.1485
-21.708 9.8379
-21.517 4.0925
-21.713 -6.5989
-21.793 8.0157
-21.386 -4.379
-21.832 0.043929
-21.093 5.6696
-21.032 20.812
-21.47 21.996
-21.512 11.541
-21.336 18.001
-21.304 -29.285
-21.304 24.611
-21.061 -14.521
-21.287 6.996
-21.246 -11.149
-21.519 13.041
-20.972 -5.7214
-20.923 -1.2005
-21.01 19.304
-21.077 -27.829
-19.995 -26.262
-21.077 26.067
-19.995 27.635
-21.025 -20.016
-21.112 -18.837
-20.736 -21.557
-21.098 -12.835
-21.238 2.9443
-21.07 -17.706
-20.865 -8.644
-20.6 -16.374
-20.45 1.6219
-20.687 2.5418
-20.115 -23.717
-20.115 30.179
-20.538 -7.0009
-20.484 0.49564
-19.464 -10.779
-20.573 7.8315
-20.742 9.0453
-20.531 21.774
-20.072 -30.313
-20.072 23.583
-20.37 10.467
-20.141 17.068
-19.964 12.52
-20.065 14.116
-19.666 -28.518
-19.666 25.379
-20.083 6.0429
-20.045 6.8
-19.904 -13.355
-20.087 3.2411
-19.957 -18.388
-20.283 -3.0799
-20.042 -2.3938
-19.611 15.344
-19.941 22.047
-19.777 -4.1712
-19.936 -20.451
-19.062 18.171
-19.918 19.144
-19.835 -17.206
-19.354 -5.9563
-19.604 -19.579
-19.663 4.36
-19.38 -1.4829
-19.035 -0.24893
-19.28 -8.1084
-19.531 20.144
-19.152 7.7734
-19.259 9.5429
-18.832 1.7096
-18.976 5.6323
-19.121 21.417
-19.265 -16.381
-19.173 -15.164
-17.691 -24.413
-19.056 -22.103
-17.691 29.483
-19.438 -2.3383
-19.114 10.613
-18.854 11.63
-18.637 -3.2587
-18.917 -29.698
-18.917 24.198
-18.839 -25.093
-18.839 28.804
-18.468 16.268
-18.91 -20.927
-18.636 13.507
-18.734 -19.863
-18.725 -31.358
-18.725 22.539
-18.343 4.0527
-18.367 -18.534
-18.568 -17.286
-18.448 -5.0507
-18.409 19.412
-18.314 -27.958
-18.314 25.938
-18.103 -30.521
-18.103 23.376
-17.083 -10.248
-18.225 -9.1832
-18.157 -14.139
-18.07 20.661
-17.845 8.5168
-18.432 9.5153
-18.152 -2.086
-18.27 -12.576
-17.261 -29.606
-17.261 24.29
-17.068 -16.495
-17.757 -6.7155
-17.526 -8.3336
-18.041 -1.193
-17.966 10.447
-17.271 -0.74372
-17.812 -22.409
-17.646 31.205
-17.8 -21.167
-17.917 -20.267
-17.813 -27.066
-17.813 26.831
-17.87 6.0313
-17.443 6.9589
-17.836 -31.285
-17.383 21.495
-17.677 22.481
-17.555 -11.921
-16.8 14.213
-17.345 16.59
-17.545 17.72
-16.433 10.985
-17.353 12.905
-16.722 1.9733
-17.34 3.2601
-17.372 -19.582
-17.122 18.686
-16.498 5.2176
-16.952 9.0846
-16.715 -5.2366
-17.137 -18.406
-17.293 -28.385
-17.293 25.511
-16.386 -2.798
-16.063 -13.261
-16.422 -14.719
-16.651 20.058
-16.932 -27.229
-16.932 26.667
-16.01 -7.676
-16.117 0.083727
-15.709 12.377
-16.16 3.4121
-15.852 -21.715
-16.56 -20.151
-16.457 -23.207
-16.457 30.689
-15.989 22.421
-16.467 7.7064
-16.108 17.573
-16.419 -28.935
-16.419 24.962
-15.831 15.643
-16.23 -11.936
-15.492 -27.963
-15.492 25.933
-16.024 9.3767
-16.072 -8.9781
-15.295 18.679
-15.372 -19.823
-15.948 -18.701
-14.694 20.487
-15.801 -26.465
-15.801 27.431
-15.785 -17.826
-15.45 -24.771
-15.45 29.125
-15.551 6.63
-15.277 -15.679
-14.963 -29.64
-14.96 24.05
-15.232 -2.6136
-15.015 -1.5052
-15.287 0.56511
-14.763 1.5747
-15.406 14.08
-15.551 4.1146
-14.552 -23.788
-14.552 30.108
-15.354 7.7501
-14.839 8.7371
-15.367 19.614
-14.906 -20.864
-15.134 -14.431
-14.912 -12.309
-14.9 -9.8694
-14.883 -17.834
-14.874 -16.689
-14.472 16.541
-14.485 3.438
-14.589 5.5228
-14.874 -18.88
-14.2 -6.4478
-14.478 10.042
-11.816 -26.189
-14.544 -3.7186
-11.816 27.707
-13.198 12.458
-13.896 14.464
-13.956 -15.067
-14.019 17.736
-14.097 22.46
-13.867 -13.565
-13.575 -0.5209
-14.53 0.20412
-14.147 7.2116
-14.194 -25.193
-14.194 28.704
-13.48 0.74886
-14.456 15.221
-14.154 11.172
-13.658 -8.6332
-12.557 -21.64
-13.389 -20.113
-13.82 -22.624
-13.691 30.924
-13.616 18.969
-13.864 -28.903
-13.545 -28.11
-13.864 24.994
-13.545 25.786
-13.852 -18.886
-13.357 21.479
-13.632 -12.606
-13.728 -11.444
-13.966 -17.994
-13.674 -10.101
-13.667 -16.799
-13.371 16.793
-12.707 -2.5939
-12.351 7.446
-13.458 9.5222
-13.312 -4.6834
-12.149 3.7106
-13.486 5.0437
-13.002 2.1961
-12.649 -29.506
-12.649 24.391
-13.169 15.793
-13.242 18.153
-12.472 10.716
-11.692 22.059
-12.507 5.5679
-13.053 -7.8195
-12.621 19.358
-11.763 20.481
-12.596 -23.136
-12.596 30.761
-12.251 -19.34
-12.253 -6.4465
-12.751 -12.647
-12.535 -11.175
-11.871 -17.323
-12.246 17.369
-11.858 -9.1706
-12.032 -15.599
-10.943 -14.562
-12.161 8.9615
-12.096 -7.7177
-11.705 13.928
-11.611 -0.71189
-12.171 0.71703
-12.025 15.506
-10.981 -5.289
-11.17 1.6006
-11.688 -20.623
-10.851 -28.532
-10.851 25.364
-10.245 -12.649
-11.27 -23.29
-11.27 30.606
-11.364 -10.974
-10.73 -9.9892
-11.207 11.653
-10.825 9.8398
-11.213 4.7936
-11.124 17.807
-11.144 19.039
-11.16 -7.4569
-10.529 -2.4814
-11.315 5.7759
-10.281 -16.832
-10.891 16.478
-10.888 8.0987
-10.923 -3.704
-10.788 15.141
-10.306 -30.58
-10.312 23.121
-10.777 14.185
-10.686 0.23171
-10.203 -29.675
-10.203 24.221
-10.778 -20.746
-10.179 -19.868
-9.2159 -8.9691
-9.8815 -7.4422
-9.8517 -22.789
-10.551 -21.55
-9.8006 30.904
-10.138 -18.334
-9.7133 20.541
-9.774 11.146
-10.273 12.778
-9.6415 -24.278
-9.6415 29.618
-9.7331 -11.327
-10.353 3.1078
-9.2989 4.2715
-9.4383 6.1419
-9.5243 -0.8661
-9.7003 13.601
-9.9866 2.2038
-9.6522 17.649
-9.9704 18.965
-9.4605 -5.0803
-9.8503 -3.955
-9.7153 1.0369
-8.9874 21.861
-9.5654 16.283
-8.4718 8.409
-8.9781 14.738
-9.4412 -22.044
-9.7672 -21.479
-9.4409 -20.914
-9.1212 -29.66
-9.3699 -28.574
-9.1212 24.236
-9.3699 25.323
-8.9414 12.265
-8.5545 -14.709
-9.0147 -6.1555
-8.9027 -2.5959
-8.2586 2.3527
-9.016 -19.515
-8.5345 -18.105
-8.4735 -10.722
-8.0939 18.064
-8.4395 -4.2701
-8.7657 -7.0167
-8.5463 -30.578
-8.4337 23.107
-8.0807 19.538
-8.2938 0.8732
-7.9423 -22.304
-8.0077 -20.663
-8.4145 -16.551
-8.7655 -15.912
-8.3374 16.663
-8.5081 -23.194
-8.5081 30.702
-8.1466 13.132
-8.344 -0.084965
-8.3759 20.775
-8.061 -13.001
-8.2315 -12.007
-7.9956 -29.333
-7.9918 -27.793
-7.9956 24.563
-7.9918 26.103
-8.1065 10.46
-7.9732 11.414
-7.7829 15.384
-7.3359 -26.222
-7.945 -24.692
-7.3359 27.674
-7.945 29.204
-7.578 -23.465
-7.578 30.432
-8.0137 -5.865
-7.8711 -6.9409
-7.0454 4.6497
-7.769 5.9125
-6.9646 -8.4218
-7.1918 -19.596
-7.5413 -3.1639
-6.4366 -1.2069
-7.454 -13.974
-7.5494 3.5204
-7.5487 -10.491
-7.28 -9.5696
-7.5202 -17.275
-6.472 22.223
-6.2027 -16.764
-7.5075 -15.358
-7.3734 14.107
-7.3717 20.469
-7.0285 -12.314
-7.03 11.814
-6.9587 -4.6452
-6.4802 -14.943
-6.6876 0.1186
-7.074 0.74666
-6.9383 16.684
-6.667 -29.043
-6.8515 -27.74
-6.667 24.853
-6.8515 26.156
-6.3441 -18.756
-6.4318 9.8918
-6.3211 -11.002
-6.8559 -6.3367
-6.9466 15.727
-6.7596 -24.816
-6.7596 29.081
-6.8296 7.7395
-5.6003 12.683
-6.8962 -26.945
-6.451 -26.679
-6.8962 26.951
-6.451 27.217
-6.8911 -30.048
-6.8911 23.849
-6.0286 1.7404
-6.1476 -13.677
-6.2524 5.8821
-6.6526 18.496
-6.3261 -23.703
-6.3261 30.194
-6.3889 6.8873
-5.2831 -3.2478
-5.7952 -7.9264
-6.0003 19.266
-6.2308 20.26
-6.2085 14.517
-6.3842 3.2971
-5.2712 -9.7885
-5.8568 -22.407
-6.3301 -21.335
-5.6131 31.003
-4.8868 8.0665
-5.2843 -20.827
-4.6041 -26.655
-5.964 -25.041
-4.6041 27.241
-5.964 28.855
-5.5356 -28.401
-5.5356 25.495
-5.7894 11.242
-5.0544 -6.7772
-5.3764 -4.575
-5.1022 14.946
-4.9078 16.752
-5.62 0.14612
-5.5617 18.229
-5.4604 -29.839
-5.4743 23.886
-5.496 -12.369
-5.5299 6.727
-4.8137 -24.56
-4.8137 29.336
-5.0673 19.981
-5.2129 3.6607
-4.8786 5.0469
-4.838 -10.817
-4.3106 -16.504
-5.2275 -15.198
-4.754 13.614
-4.9763 22.926
-4.7391 -14.308
-4.7241 -23.123
-4.7241 30.773
-4.7769 10.113
-4.551 -8.5582
-4.0082 20.814
-4.2595 -19.321
-4.3315 -13.079
-4.0217 11.439
-4.3709 -5.5911
-4.4707 -17.857
-4.6249 -0.22287
-3.6814 -29.361
-3.6621 24.309
-4.3232 -11.883
-4.1116 5.8703
-4.3628 18.179
-3.7312 19.233
-4.2366 1.4861
-4.0476 -4.0605
-3.7178 22.245
-3.9751 4.1376
-3.8375 -22.591
-3.9641 15.239
-4.0281 -10.521
-3.5453 -1.8759
-2.7891 -15.214
-3.7246 -21.202
-3.4108 -25.673
-3.4108 28.223
-2.6793 -7.4292
-3.4626 -6.2825
-3.3344 -5.0532
-3.4321 -20.276
-2.8359 2.6224
-3.126 -9.6931
-3.6961 -8.8338
-3.3481 13.88
-3.0314 -24.321
-3.0314 29.575
-3.2392 10.302
-2.2653 8.1051
-3.3656 12.331
-3.2453 -17.907
-3.304 18.078
-2.8546 0.40267
-3.2559 -11.25
-3.0269 -13.406
-2.8181 6.1317
-3.248 4.5005
-2.2621 -8.894
-2.7115 -3.9783
-2.4926 16.701
-2.8431 -19.01
-3.0094 15.365
-2.8194 -12.403
-2.7756 22.557
-2.5567 -17.088
-2.4053 -22.196
-2.2904 -20.406
-2.5623 -26.752
-2.0014 -26.026
-2.5623 27.144
-2.0014 27.87
-2.5691 4.1243
-2.284 20.769
-1.6216 17.917
-2.1854 19.213
-2.0803 10.821
-1.8312 11.976
-2.2469 -6.0084
-2.4447 -2.5485
-2.3198 -1.5331
-2.0936 9.7169
-2.1882 -0.49622
-1.8676 -11.685
-1.0238 13.909
-1.9338 -23.754
-1.9338 30.142
-0.9482 21.595
-0.89068 -28.998
-1.9622 -27.802
-0.89068 24.898
-1.9622 26.095
-1.9742 15.299
-1.9063 -26.961
-1.9063 26.935
-1.2128 -3.2525
-1.6648 -24.877
-1.6648 29.02
-1.757 -10.042
-1.8675 -13.886
-0.89743 -5.1423
-1.5693 3.3719
-1.5453 -16.462
-1.9463 -18.945
-1.0132 -18.001
-1.005 -19.717
-1.1964 -13.201
-1.3205 0.12302
-1.4529 1.9729
-0.51985 -30.687
-0.51985 23.21
-1.3172 5.3948
-1.3103 -26.652
-1.3103 27.244
-1.2472 -1.6719
-1.0611 8.9747
-1.0768 -22.447
-0.51839 -21.406
-0.39241 10.287
-0.84059 19.124
-0.87892 20.401
-0.53193 16.344
-0.90423 -6.4732
-0.93167 -25.488
-0.93167 28.408
-0.97535 -15.563
-0.85532 -7.5087
-0.67169 -27.763
-0.67169 26.133
-0.87007 -23.944
-0.87007 29.952
-0.3048 -14.387
-0.23754 -23.181
-0.23754 30.715
-0.6532 12.275
-0.073876 -10.19
-0.80336 -9.0145
-0.58722 -26.844
-0.58722 27.052
0.34396 -11.968
-0.26021 1.2494
-0.13791 -8.4695
-0.33396 6.5478
-0.33016 -2.121
0.37174 2.9698
-0.35205 4.724
0.45064 7.8058
-0.017416 -13.223
0.0062548 -26.595
0.67569 -25.785
0.0062548 27.301
0.67569 28.111
1.5415 -16.61
0.10109 5.2951
0.23039 12.218
-0.020808 20.453
0.014282 -0.45366
0.10623 -1.3251
0.34904 -6.4874
0.25282 -24.18
0.25282 29.716
0.49532 17.077
1.3962 18.619
0.89842 -3.4859
0.76708 8.8469
0.70349 -30.061
0.70349 23.835
0.57376 -28.163
0.57376 25.733
1.1114 -9.5574
1.1234 -22.677
1.2355 30.998
1.3066 -20.612
0.64626 -18.566
0.60619 -4.8953
1.186 -8.0704
0.62532 20.234
0.80515 15.574
1.0406 -27.053
1.0406 26.844
1.3478 13.688
0.97937 6.3741
0.99097 1.0702
1.9106 10.552
1.3489 11.799
1.2014 -1.8547
1.8084 -0.67637
1.4865 21.072
1.8588 3.5501
1.076 5.196
2.1221 -14.142
1.4921 -31.211
1.4921 22.685
1.9335 -6.2242
1.6713 -5.0044
1.5377 -24.069
1.5377 29.827
2.2756 -29.867
1.4765 -28.639
2.2756 24.029
1.4765 25.257
1.6353 -25.015
1.6353 28.881
1.6895 -10.773
1.9055 8.921
1.811 -11.75
2.5577 -18.77
2.7719 -7.708
2.1049 14.929
2.4144 16.586
2.0725 0.70642
2.0986 1.9363
2.3745 19.657
2.9287 -28.566
2.0492 -27.452
2.9287 25.33
2.0492 26.445
2.6848 7.166
2.1986 5.6349
2.8522 -3.0462
2.7263 -9.4601
2.4558 -25.877
2.4558 28.019
2.5881 4.2885
2.6907 -27.107
2.6907 26.79
2.7707 -12.054
2.5328 -22.73
3.0215 -21.869
2.5328 31.166
2.6625 -31.164
2.9407 21.438
2.8113 22.547
3.3631 -5.3817
2.9005 -24.663
2.9005 29.233
3.8419 -23.701
3.8419 30.195
2.5967 -10.813
3.3715 -15.914
3.4414 18.268
3.5312 8.3973
4.6053 10.209
3.7234 15.671
3.142 12.896
3.9114 14.279
3.7073 -20.733
4.2651 -7.0274
3.0674 -2.0125
3.4777 11.621
3.6351 -0.60572
3.462 1.4398
3.7238 2.6856
3.7234 -4.3335
3.9755 19.765
3.8909 3.9693
4.1488 5.2091
3.5177 -17.668
3.5167 -27.531
3.5167 26.365
4.7496 -13.79
4.5135 -26.295
4.5135 27.601
3.9975 -29.9
4.113 23.697
3.8761 16.899
4.6122 -11.796
3.6956 -10.497
4.0263 22.029
3.8763 -16.57
4.2088 -22.245
4.0004 -9.6627
4.8196 -8.7682
4.9689 6.3669
4.3094 -15.226
4.6172 -19.036
4.6748 -2.6827
4.3655 20.942
4.5559 -28.732
4.2348 -27.956
4.5559 25.165
4.2348 25.94
4.5028 13.131
4.7522 11.821
5.1384 -17.3
5.384 -4.5168
5.7799 0.053706
4.5737 1.0521
4.8243 -27.613
4.8243 26.283
4.9618 -25.025
4.9618 28.871
4.9437 17.896
5.2145 16.507
5.6073 -29.795
5.6737 23.877
5.394 20.119
5.5386 -6.0183
5.4682 -10.378
6.2158 -16.358
6.051 -21.316
5.4556 22.091
5.6661 7.8647
5.4674 1.3431
5.5037 2.5623
5.5191 3.8895
5.3065 -1.0448
5.3389 -23.919
5.5099 -22.596
5.3389 29.977
5.6754 31.012
5.578 -13.065
5.6949 -28.566
5.6949 25.33
6.0537 -25.555
6.0537 28.341
5.7816 13.177
5.8132 14.447
6.3977 11.445
6.3317 15.534
6.3303 -3.0316
6.3564 6.3553
6.814 -7.8827
6.2961 17.324
7.0405 -27.51
7.0405 26.387
6.5976 -9.7566
6.4575 18.871
6.411 -1.3539
6.3738 -13.121
6.6081 -12.167
6.4566 -24.439
6.4566 29.458
6.6174 -19.807
6.5814 20.095
6.4676 20.994
7.2648 8.4905
7.2878 9.7893
6.5999 -18.177
6.6579 1.1315
6.8695 2.4374
7.1681 3.9295
6.6863 5.3197
6.8067 22.072
6.8438 -22.962
6.8438 30.934
6.5636 -11.267
7.36 12.879
6.9391 -14.158
6.8453 16.243
7.4428 -29.611
7.4428 24.285
7.1141 -26.193
7.1141 27.703
6.8806 -5.5431
7.2556 14.796
7.25 7.118
8.4339 -5.6844
7.1858 -3.866
7.5552 -15.572
7.5523 -2.5276
7.6121 -19.141
7.7009 -6.6034
7.5681 -9.2452
8.2955 17.105
8.0951 18.948
7.9829 -25.413
7.9606 -23.983
7.9829 28.483
7.9606 29.913
7.4933 -20.998
8.7528 -14.399
8.4094 -11.955
8.1663 -30.762
8.1479 22.625
8.0591 15.642
7.6676 -0.8169
8.5254 20.947
8.2832 4.9219
7.7272 6.2729
9.0314 1.0431
7.9297 -16.835
8.1839 -26.904
8.1839 26.993
7.8127 -10.768
8.8294 -22.876
8.8905 30.872
10.004 -18.61
8.0109 10.869
8.3608 -20.479
8.3154 -21.553
8.6675 13.442
8.2052 14.39
8.88 6.2817
8.5864 -9.9011
8.6414 3.2922
9.1006 -4.4148
8.6073 -7.8484
9.1812 -29.02
8.5502 -28.137
9.1812 24.876
8.5502 25.76
9.5429 -3.1376
9.5022 -1.4357
10.653 8.2615
9.524 -24.887
9.524 29.009
9.7352 -30.372
9.7352 23.524
9.0822 17.801
8.7543 9.5566
9.4497 -13.194
9.1879 -16.523
9.7574 -21.944
10.044 12.261
9.5248 10.291
9.6419 -17.393
9.4802 -27.974
9.2398 -27.229
9.4802 25.922
9.2398 26.667
9.6102 14.276
9.9061 21.692
10.388 -20.696
9.8079 -26.431
9.8079 27.466
10.315 6.3344
10.479 -9.7319
9.6219 -8.2512
9.7992 4.4742
9.7941 2.7554
9.7713 -5.6924
10.123 17.579
10.041 18.875
10.016 -13.922
10.211 -24.054
10.211 29.843
10.189 3.6279
10.552 -7.8738
10.652 15.48
9.9972 20.249
10.964 -4.6967
10.364 -12.263
10.315 -22.844
10.315 31.052
10.787 19.726
11.046 -6.4606
11.006 -0.78605
10.744 -17.033
11.048 -15.139
10.667 5.0734
10.859 -27.555
10.859 26.341
10.747 -29.268
10.747 24.628
10.818 2.0413
10.854 -13.926
10.96 -26.159
10.754 -25.338
10.96 27.737
10.754 28.558
11.685 17.81
11.035 10.004
10.9 21.203
11.2 22.506
11.194 -24.038
11.196 -23.016
11.194 29.859
11.196 30.88
11.268 3.4352
10.876 16.493
11.356 -21.887
11.525 -2.908
11.405 -31.161
11.814 10.86
11.784 0.5103
11.958 20.489
11.601 -25.141
11.601 28.755
12.56 -12.436
11.416 -10.807
11.878 5.3278
12.054 12.45
11.847 13.794
12.707 -26.743
12.707 27.153
12.591 -16.815
12.718 -15.573
12.359 -28.985
12.359 24.911
12.197 14.789
12.185 6.3801
12.409 9.5452
11.938 -14.074
12.126 -18.158
11.924 -20.103
12.738 -23.413
12.78 -9.4326
11.942 -8.5628
12.636 30.306
12.235 -30.644
12.235 23.252
12.107 -31.559
12.271 21.348
12.273 22.181
12.989 -10.895
12.777 -1.6582
12.248 -6.4199
12.24 -5.267
12.731 -8.0783
12.906 1.3282
13.343 3.1148
12.998 -19.45
13.448 19.486
12.647 -21.876
12.794 -20.655
13.02 -24.974
13.02 28.923
13.175 -4.2156
12.88 11.174
13.478 5.6041
14.061 8.3453
13.767 -14.571
13.255 20.75
14.002 15.905
13.449 -28.318
13.449 25.579
13.338 12.787
13.324 14.022
13.369 -30.632
13.369 23.265
13.749 -18.184
13.704 22.021
13.752 11.653
13.564 -6.5174
13.513 18.406
13.311 -0.41784
13.93 7.0547
14.451 9.962
13.871 -11.792
13.844 4.1253
14.086 -22.445
14.294 -29.398
14.294 24.499
14.147 -21.315
13.772 -20.689
14.456 -16.66
14.073 -19.994
14.481 -24.774
14.371 -23.719
14.481 29.122
14.371 30.177
14.962 -28.341
14.962 25.556
14.364 -1.4401
14.567 0.10333
15.751 -9.1159
14.62 -3.68
14.396 18.763
14.294 -5.1518
14.36 6.1854
14.642 -30.949
14.642 22.947
14.728 13.926
14.62 20.603
14.81 -13.714
14.966 12.406
14.825 -11.519
15.842 -26.554
15.842 27.342
15.721 2.4632
14.821 4.0289
14.881 5.4492
15.274 -19.893
15.41 17.944
15.436 -10.834
15.144 1.1197
15.576 -13.07
15.115 -21.482
15.185 -22.464
15.509 6.7191
16.164 -5.7696
15.233 -0.61163
15.502 11.027
15.393 -24.194
15.393 29.702
15.711 8.4849
16.044 -18.275
15.642 14.743
15.495 -14.849
15.58 -31.542
15.678 21.213
15.667 22.188
15.737 -30.229
15.737 23.667
15.726 19.751
16.257 -16.468
15.746 -1.9028
16.196 13.394
16.424 -3.9513
15.989 16.161
16.498 -23.224
16.621 30.169
16.442 -12.514
16.116 3.654
16.366 -0.64639
15.987 0.52042
16.224 4.9824
16.446 -25.075
16.446 28.822
16.428 7.534
16.226 -21.67
16.932 -7.8844
16.542 -19.735
16.408 14.338
16.357 9.4435
16.541 10.867
16.851 -15.021
16.392 -13.827
17.228 0.47488
16.585 21.715
16.305 -28.509
17.268 -28.094
16.305 25.387
17.268 25.802
16.631 12.153
17.102 -29.425
17.102 24.471
16.76 17.891
16.873 19.306
16.937 6.1373
16.828 -26.11
16.828 27.787
17.277 -2.2243
17.387 16.723
17.459 -30.715
17.666 22.714
17.129 15.599
17.544 -11.825
17.662 13.906
18.047 3.07
17.474 4.3741
17.358 20.762
17.367 7.8344
17.665 9.6233
17.369 -22.084
18.018 -21.054
17.396 -19.534
17.512 -18.482
17.783 1.8204
18.639 -14.761
17.98 -13.572
20.545 -26.67
20.545 27.226
18.201 -5.5466
17.634 5.3066
18.229 -3.7929
18.045 -17.429
18.467 -16.124
17.943 11.701
18.222 -23.825
18.222 30.071
18.101 17.867
17.752 18.908
18.263 6.9086
18.219 21.207
17.964 15.767
19.285 -9.4407
18.381 19.811
18.573 -11.426
18.703 -1.0787
18.516 5.3625
18.619 -7.1781
19.281 -2.5591
18.583 -12.66
18.932 -19.824
18.795 0.35054
18.586 -22.664
18.778 30.94
18.9 -30.658
19.153 -29.638
18.9 23.238
19.153 24.258
18.639 4.1483
19.063 14.895
18.531 15.552
18.819 -28.184
18.819 25.712
18.84 8.3218
19.077 1.9238
19.403 9.5454
18.745 10.877
19.732 -18.477
18.984 -13.48
18.8 16.894
19.603 11.666
19.601 13.529
19.447 -17.301
19.282 -24.284
19.282 29.612
19.482 15.824
19.503 18.569
19.435 -4.9075
19.653 20.466
19.866 22.377
19.445 1.1208
19.692 -6.5043
19.967 5.0582
19.789 6.6056
20.212 -15.906
19.625 -22.944
20.538 -22.032
19.625 30.953
19.701 3.3103
20.265 -24.747
20.265 29.149
20.456 16.985
20.19 -1.6074
19.74 -0.34364
19.978 7.879
20.59 -23.896
20.59 30
20.171 2.0166
20.284 -14.918
20.256 -13.37
20.401 10.36
20.078 -28.558
20.078 25.338
20.027 -11.726
20.492 0.6318
20.437 -16.983
20.38 -30.309
20.38 23.588
20.75 -20.082
20.777 -7.9164
20.567 21.274
20.626 -5.3158
20.812 -3.6865
21.372 13.539
20.956 15.448
21.545 9.0521
21.617 5.9892
20.85 2.7068
20.962 18.334
21.16 19.569
21.182 -18.272
21.055 -17.369
21.74 3.7211
21.661 -2.6617
22.165 -0.9315
20.908 -11.421
21.227 -10.439
21.103 -6.735
21.191 -9.2662
21.301 -29.412
21.301 24.485
21.273 7.8672
21.189 -14.486
21.192 -12.663
21.728 -11.898
21.775 11.014
21.677 22.377
21.649 20.496
21.294 21.223
21.85 -19.592
21.762 -15.862
21.941 0.88517
22.021 2.178
21.756 -17.08
22.623 -14.102
21.835 -13.065
21.969 -21.252
22.096 -6.0964
22.102 -3.8995
22.145 -24.741
22.145 29.155
21.96 18.644
22.648 -8.7838
23.38 14.3
22.079 15.551
22.893 -23.984
22.305 -22.746
22.893 29.912
22.471 30.984
22.78 -18.385
22.612 -10.661
22.351 16.587
23.079 17.715
22.393 -28.695
22.393 25.201
24.41 -13.788
22.204 8.0005
22.57 -29.927
22.57 23.969
22.597 -15.141
23.255 -30.791
23.169 22.743
23.234 19.232
22.99 20.426
22.786 7.3042
22.778 12.629
22.915 21.622
23.126 -16.219
23.003 -25.628
23.003 28.268
23.418 11.405
22.897 -2.3892
23.18 -21.476
23.736 -20.539
23.155 0.52529
23.521 2.0211
23.367 -17.28
23.554 8.9676
23.312 10.119
23.859 -6.4003
25.076 -4.4772
23.587 7.9597
24.237 -11.588
23.608 -22.735
23.482 30.875
23.504 3.474
23.462 4.9009
23.784 -29.761
23.784 24.136
23.542 16.261
23.842 -2.5339
24.513 6.1731
24.164 -15.495
23.818 -9.8893
23.996 -26.585
23.993 -25.757
23.996 27.312
23.993 28.14
24.051 12.398
24.113 -24.62
24.113 29.277
24.249 -1.275
24.565 20.677
24.036 21.798
24.415 0.11482
24.686 -17.903
24.237 -16.538
24.218 -8.0604
24.36 8.3927
24.557 -23.651
24.557 30.245
24.379 -8.8996
24.625 1.3857
24.454 9.8942
24.447 17.804
25.042 19.343
24.318 -18.686
24.539 4.3697
24.591 10.865
26.295 -25.977
26.295 27.92
24.459 3.5198
25.512 -22.497
25.013 2.6178
25.204 -19.777
24.973 15.45
24.444 16.245
26.765 -2.2744
26.51 23.347
24.737 16.828
25.115 -9.993
25.153 22.017
26.336 -7.5395
25.343 8.1076
24.977 -25.432
24.977 28.464
25.537 10.98
25.335 12.229
25.021 -24.701
25.021 29.195
25.571 -24.047
25.571 29.849
26.844 17.854
25.515 13.562
26.205 9.3283
25.362 -1.2459
25.655 14.653
26.889 -17.425
25.313 16.861
26.559 4.2178
25.724 -0.19108
25.931 16.247
26.485 1.4422
25.556 1.7405
26.072 -20.885
26.465 -13.024
26.161 -11.503
27.365 -10.418
26.51 20.644
26.184 -19.955
27.301 12.076
27.181 14.829
26.333 5.9814
27.054 7.2678
26.697 -19.501
26.626 -0.35964
27.691 -15.141
26.754 -23.354
26.754 30.543
26.72 -22.233
27.829 -21.426
28.755 0.1644
26.92 19.629
27.042 10.112
27.004 -22.866
27.004 31.031
27.243 -3.9772
27.537 -12.23
27.096 5.9491
27.866 -19.714
27.566 16.145
27.88 -8.7276
27.75 19.689
27.655 20.863
28 -5.5826
27.883 8.8861
28.41 -29.58
27.892 -28.301
28.41 24.317
27.892 25.595
27.813 -22.89
27.813 31.006
28.397 13.303
27.92 1.8727
28.324 3.1915
28.123 -24.147
28.123 29.749
27.899 -25.047
27.899 28.849
29.293 10.327
28.404 -3.9841
28.295 -13.519
28.234 15.643
29.485 -27.646
28.696 -25.617
29.485 26.25
28.696 28.279
28.489 -20.501
28.405 5.088
28.584 6.1659
29.163 -30.408
29.037 23.096
28.998 -17.137
28.918 16.83
28.861 14.214
29.102 -10.279
29.535 -8.9042
28.838 20.181
28.826 21.96
28.72 -28.721
28.72 25.175
29.463 7.3506
29.06 -22.824
28.904 30.829
29.157 -7.1664
29.546 -5.7172
29.379 4.1289
29.349 -19.304
29.451 8.8958
29.193 -23.784
29.193 30.112
29.151 18.299
29.161 1.8119
29.798 -15.768
28.988 -14.377
29.405 2.9086
29.737 -3.1256
29.339 -21.064
29.989 -13.757
29.958 15.328
29.639 -25.984
29.639 27.912
29.826 -11.572
29.541 -4.588
29.795 12.177
29.676 5.736
30.159 -1.5235
29.965 -29.859
29.965 24.037
30.234 -24.393
30.234 29.503
30.244 22.286
30.506 16.862
30.297 -10.499
30.456 20.237
30.463 -22.281
30.217 -6.6205
30.628 -18.66
30.293 -7.7286
30.397 18.279
30.444 1.4842
30.282 2.6678
30.826 -17.453
30.605 -25.659
30.605 28.238
31.127 -26.763
31.127 27.133
31 -20.3
31.059 -12.656
31.148 -5.9674
30.871 -4.5441
30.857 23.479
31.133 -15.3
31.151 15.797
30.917 0.27274
31.282 -7.8399
31.349 21.126
31.365 21.897
31.274 -27.99
31.274 25.906
31.419 -14.001
31.794 -7.2144
3700
0 1
0 31
0 44
1 31
2 3
2 35
3 7
3 35
3 61
4 5
4 6
4 34
5 34
6 9
6 34
6 49
7 8
7 62
8 9
8 48
9 49
10 11
10 21
10 39
10 53
11 39
12 13
12 23
12 43
12 65
13 43
14 15
14 31
15 20
15 72
15 75
16 17
16 50
17 32
17 58
17 70
18 19
18 51
19 37
19 59
19 71
20 21
20 63
21 52
22 23
22 27
22 55
22 60
23 60
24 25
24 54
24 83
25 36
25 78
25 135
26 27
26 38
27 38
27 55
28 29
28 39
28 95
28 106
28 118
29 30
29 40
29 80
29 106
30 40
31 56
31 72
32 33
32 67
33 38
33 64
34 77
34 81
35 74
36 47
36 78
37 68
38 64
38 82
38 97
38 113
39 53
39 95
40 57
40 80
41 42
42 44
42 84
43 86
44 56
44 87
45 46
45 76
46 50
46 92
47 51
47 93
48 49
48 62
48 81
49 81
50 58
50 98
51 59
51 99
52 53
52 63
52 75
52 95
54 57
54 83
55 82
56 72
56 88
57 80
58 70
58 102
59 71
59 104
60 65
60 91
61 62
61 79
61 89
62 89
62 109
63 75
64 67
64 97
65 85
66 84
66 88
66 138
66 145
66 146
66 152
67 70
68 69
68 71
70 97
70 102
71 104
72 88
72 105
72 119
72 120
73 74
73 94
73 100
74 79
75 105
75 110
76 92
76 116
76 122
76 181
77 81
77 134
77 137
77 156
77 163
78 93
78 117
78 123
78 148
78 182
79 96
80 83
80 107
80 108
81 109
82 91
82 114
83 132
83 135
83 167
84 87
85 86
85 91
85 111
86 90
86 111
87 88
89 96
89 100
89 133
89 158
89 174
90 94
90 111
91 136
92 98
93 99
94 112
95 130
95 157
95 171
96 100
97 113
97 142
97 154
98 101
98 116
99 103
99 117
100 112
101 102
101 141
103 104
103 143
105 110
105 121
106 107
106 149
108 128
108 132
108 160
108 187
109 134
110 115
111 140
111 147
111 189
112 140
112 150
112 159
113 114
113 129
114 136
114 155
118 149
118 157
118 177
121 139
121 153
121 166
121 183
122 141
122 175
122 191
122 204
123 143
123 176
123 192
123 205
124 133
125 136
126 139
127 148
128 149
130 153
130 171
131 150
132 161
133 134
133 162
134 162
135 148
135 168
136 147
136 165
136 172
137 138
137 156
137 164
137 193
138 151
138 164
139 145
139 166
140 159
140 189
141 142
141 175
142 169
142 179
143 144
143 176
144 170
144 180
145 146
145 152
145 173
146 152
147 172
147 189
147 208
148 182
148 188
149 178
149 184
150 158
150 159
151 152
151 164
151 186
151 193
151 212
151 234
152 186
152 194
153 183
154 155
154 169
155 165
155 190
156 163
156 193
156 195
157 171
157 177
157 201
158 174
158 185
158 196
159 185
159 189
160 161
160 187
160 197
161 167
161 197
161 202
161 229
162 163
162 174
162 198
163 195
165 172
165 190
165 216
166 173
166 199
167 168
167 200
167 202
168 188
168 200
168 218
169 179
169 190
169 213
170 180
170 214
171 183
171 201
171 215
172 208
172 237
173 194
174 203
175 179
175 204
176 180
176 205
177 178
177 184
177 209
177 223
178 184
179 206
180 207
181 191
181 221
182 188
182 192
182 219
182 222
183 199
184 187
184 217
184 223
184 235
185 196
185 211
185 224
185 238
186 210
187 197
187 217
189 211
189 243
190 213
190 216
190 248
190 249
191 221
191 245
192 222
192 246
193 220
194 199
194 210
194 236
195 198
195 220
195 228
196 203
196 224
196 241
197 232
198 203
198 227
198 242
199 215
199 250
199 252
200 202
200 218
201 209
201 215
201 254
202 231
203 241
204 206
204 225
204 239
205 207
205 226
205 240
206 213
207 214
208 237
208 243
208 280
209 251
209 254
210 212
210 236
211 238
211 243
211 264
212 234
212 256
213 239
213 248
213 272
213 285
214 240
214 274
214 286
215 257
216 237
216 249
216 275
217 235
217 247
217 267
218 219
218 244
218 258
219 222
219 259
220 233
220 255
221 262
221 293
222 259
222 263
222 294
223 235
223 251
223 260
224 238
224 266
225 239
225 245
225 271
226 240
226 246
226 273
227 228
227 253
228 255
228 268
229 230
229 232
229 247
229 261
229 296
229 308
230 231
230 261
231 244
232 247
233 234
233 255
233 269
233 306
234 269
235 267
236 250
236 256
236 283
236 288
237 276
238 264
238 278
239 272
240 274
241 242
241 266
241 281
242 253
242 281
243 282
244 270
245 262
245 271
246 263
246 273
247 267
247 298
248 249
248 277
249 277
250 252
250 279
251 254
251 260
251 291
251 295
252 257
252 279
252 304
253 268
253 287
254 265
254 290
255 268
255 310
256 269
257 265
257 301
257 317
258 259
258 270
258 292
258 321
259 292
260 267
260 295
261 270
261 296
262 293
263 294
264 278
264 282
264 303
265 290
266 278
266 289
266 303
267 297
268 287
268 315
269 288
269 307
269 318
270 313
271 272
271 299
272 285
272 299
272 338
272 351
273 274
273 300
274 286
274 300
274 339
274 352
275 276
275 277
275 311
276 280
276 305
277 285
277 311
277 330
278 303
279 284
280 282
280 305
281 287
281 289
281 320
282 314
282 327
283 284
283 288
283 324
284 304
285 329
285 338
286 331
286 339
287 320
288 319
289 303
289 320
289 355
289 362
289 382
290 291
290 302
290 322
291 295
292 309
293 299
293 336
293 344
294 300
294 309
294 337
294 345
295 297
295 323
295 333
296 308
296 312
296 340
297 298
297 334
297 342
298 308
298 342
299 336
299 351
300 337
300 352
301 302
301 325
302 322
303 328
303 357
304 317
304 324
305 314
305 316
305 347
306 307
306 310
307 332
308 340
308 342
309 326
310 315
310 335
310 349
311 316
311 341
312 313
312 340
312 350
312 385
313 321
314 327
315 320
315 349
315 366
316 343
317 325
317 346
318 319
318 332
318 361
319 324
319 368
319 370
320 356
320 367
321 326
321 350
322 323
322 325
322 359
322 378
323 333
323 360
324 346
324 370
324 388
325 346
325 377
326 345
326 358
327 328
327 348
327 365
328 357
329 330
329 338
329 371
329 402
329 410
329 427
329 430
330 341
330 371
331 339
331 372
331 403
331 411
331 428
331 431
332 335
333 334
333 369
334 342
334 369
335 349
335 361
335 394
336 353
336 363
337 354
337 364
340 383
340 384
341 343
341 373
342 383
342 387
343 347
343 374
344 353
344 379
345 354
345 381
346 389
346 392
347 348
347 390
347 395
348 365
349 366
349 394
350 358
350 391
351 363
351 375
351 396
352 364
352 376
352 397
353 363
353 379
354 364
354 381
355 356
355 367
355 382
355 418
355 422
355 450
356 367
357 362
357 365
357 399
357 400
358 380
358 401
359 360
359 378
359 393
359 413
360 369
361 368
361 398
362 382
363 396
363 415
363 434
364 397
364 412
364 416
364 435
365 395
365 400
365 429
365 433
365 452
366 367
366 394
366 404
367 404
367 422
368 370
369 386
369 393
370 398
370 405
370 437
371 373
371 410
372 411
373 374
373 408
374 390
377 378
377 392
378 392
378 413
380 381
380 401
380 412
381 412
382 399
382 418
383 387
383 406
383 417
383 440
384 385
384 417
385 391
385 414
386 387
386 406
386 421
386 458
387 406
388 389
388 405
388 407
388 439
389 407
390 395
390 409
391 401
391 414
391 423
392 407
392 432
392 441
392 455
393 413
393 421
394 398
394 404
394 457
395 425
396 402
396 415
397 403
397 416
398 436
398 460
399 400
399 418
399 448
399 449
399 467
400 433
400 448
401 423
401 426
401 446
402 419
403 420
404 422
404 450
404 457
405 437
405 438
406 462
406 475
407 441
407 454
408 409
408 410
408 442
408 447
408 479
409 424
410 430
410 442
411 431
411 443
412 426
412 435
412 466
413 432
413 444
414 417
414 423
414 453
415 419
415 434
416 420
416 435
417 440
417 453
417 474
418 449
419 427
419 434
419 459
419 483
420 428
420 435
420 461
420 485
421 445
422 450
423 446
423 465
423 481
424 425
424 447
424 456
424 478
425 429
425 456
426 446
426 481
426 487
426 509
427 430
428 431
429 451
430 442
430 471
431 443
431 472
432 444
432 455
433 452
433 464
434 482
434 501
435 466
435 484
435 502
436 437
436 460
437 468
437 494
438 439
438 469
439 454
439 473
439 500
440 463
441 454
442 459
442 471
442 479
443 461
443 472
443 480
444 445
444 470
445 458
445 470
445 495
447 477
448 464
449 450
449 467
449 488
450 476
450 489
450 491
451 452
451 456
451 490
452 492
453 465
453 474
453 493
453 503
454 455
454 498
454 500
455 470
455 499
456 486
457 460
457 476
457 497
457 508
457 514
458 475
458 496
459 471
459 483
459 511
459 531
459 534
459 568
459 590
459 621
460 494
460 497
461 472
461 485
461 512
461 532
461 535
461 569
461 592
461 623
462 463
462 475
462 505
462 524
462 538
463 474
463 503
463 524
464 467
464 492
464 520
465 493
465 504
466 487
466 506
467 488
467 521
468 469
468 473
468 494
468 525
469 473
470 495
470 507
473 500
473 526
475 505
476 491
476 508
476 519
477 478
477 479
477 511
477 530
477 534
477 562
478 486
478 513
478 530
479 511
480 512
481 504
481 509
482 483
482 501
483 501
484 485
484 502
485 502
486 490
486 513
487 506
487 510
488 489
488 515
489 491
489 516
490 492
491 516
492 517
493 503
493 518
494 497
494 525
494 528
494 544
494 549
495 496
495 507
495 522
495 545
495 548
495 573
496 505
496 522
497 514
497 528
498 499
498 500
498 507
498 529
498 540
498 571
499 507
500 529
501 531
501 551
502 506
502 532
502 552
503 527
504 518
505 522
505 538
505 539
506 510
506 552
506 565
506 582
507 540
507 545
508 523
509 510
509 518
509 542
510 542
510 565
511 534
512 535
513 517
513 530
513 558
514 523
514 528
514 543
515 516
515 521
516 519
516 533
516 536
517 520
517 546
517 564
518 527
518 541
518 547
519 523
519 537
519 559
520 521
520 546
521 533
521 546
521 594
521 611
522 539
522 548
523 543
524 527
524 553
524 567
525 526
525 544
525 554
525 574
526 529
527 550
528 549
528 560
528 579
528 595
529 554
529 576
529 581
530 557
531 555
531 590
532 556
532 592
533 536
533 570
533 594
533 618
534 561
534 568
535 563
535 569
536 537
536 570
537 559
537 570
538 566
539 548
539 566
539 584
540 545
540 572
541 542
541 547
541 577
542 578
543 560
544 549
544 574
544 580
544 596
546 564
546 599
547 550
547 583
548 584
549 580
550 553
550 585
551 555
551 604
552 556
552 582
552 605
553 575
554 574
555 589
556 591
557 558
557 562
558 564
558 588
558 598
559 560
559 600
559 637
559 644
560 603
561 562
561 568
561 586
561 613
562 587
563 569
563 614
564 599
565 578
565 582
565 606
565 617
566 567
566 584
566 593
566 624
567 575
567 593
568 628
569 630
570 600
570 619
571 572
571 576
572 573
572 597
572 635
572 642
573 584
573 636
574 581
574 596
574 616
574 640
575 585
575 593
575 615
576 581
576 597
577 578
577 583
577 601
577 612
578 601
579 580
579 595
579 602
580 602
581 607
582 605
582 617
582 646
583 585
583 612
584 624
584 636
584 663
585 615
585 626
585 649
586 587
586 608
587 588
588 609
589 590
589 604
589 620
590 620
591 592
591 605
591 622
592 622
593 615
593 625
594 611
594 641
594 648
595 603
595 633
596 602
596 639
597 607
597 642
597 677
598 599
598 609
599 610
599 638
599 645
599 662
600 619
600 643
601 606
601 612
601 657
601 680
602 633
602 639
602 653
603 634
604 620
605 622
605 646
606 617
606 650
606 680
607 616
607 656
608 609
608 613
608 631
608 691
609 638
609 692
610 611
610 645
612 626
612 657
613 631
614 632
615 649
615 652
616 640
617 650
618 619
618 641
618 651
619 651
620 621
620 658
620 675
621 627
621 659
622 623
622 660
622 676
623 629
623 661
624 625
624 663
625 652
626 649
626 666
627 628
627 667
627 672
627 696
628 631
628 667
629 630
629 668
629 674
629 698
630 632
630 668
631 681
632 682
633 634
633 665
634 637
634 665
635 636
635 642
635 679
635 689
635 716
636 679
637 644
637 685
637 690
638 662
638 695
639 640
639 653
639 684
640 655
640 684
640 707
640 734
640 748
641 654
641 678
642 689
643 644
643 664
644 690
645 647
645 662
646 650
646 676
646 687
646 710
646 722
646 728
647 648
647 654
647 662
647 719
647 733
648 654
649 670
649 688
650 687
651 664
651 678
651 711
652 663
652 670
652 702
653 665
653 704
654 678
654 720
655 656
655 707
656 677
657 666
657 706
658 659
658 675
658 700
658 709
659 671
659 700
660 661
660 676
660 701
660 710
661 673
661 701
662 695
662 729
663 694
663 702
663 726
664 690
664 711
664 718
665 685
665 703
666 688
667 681
667 697
668 682
668 699
669 683
669 694
670 688
670 702
670 721
670 731
670 765
677 689
677 707
677 716
677 741
678 711
678 723
679 683
679 712
679 717
680 686
680 708
681 691
681 713
682 693
682 714
683 712
684 704
684 742
684 748
685 703
685 727
686 687
686 708
686 715
687 715
688 705
688 721
689 716
690 718
690 727
690 747
690 758
691 692
691 695
691 724
692 695
693 725
694 712
694 726
694 738
694 764
694 771
695 729
695 745
695 750
696 697
696 700
696 713
696 735
696 751
696 804
697 713
698 699
698 701
698 714
698 736
698 752
698 806
699 714
700 709
701 710
702 726
703 704
703 727
703 732
703 753
704 732
704 742
705 706
705 721
705 746
706 708
706 739
706 746
706 775
707 734
708 739
709 735
710 722
710 736
711 730
711 737
712 738
713 724
713 751
713 761
714 725
714 752
714 762
715 728
715 740
716 717
716 741
716 744
717 738
717 744
718 737
718 747
719 720
719 733
719 749
719 766
719 780
720 723
721 760
722 743
723 730
723 749
724 745
726 731
726 763
727 759
728 740
728 743
728 788
729 733
729 756
729 776
730 737
730 770
731 763
731 765
732 754
732 755
733 766
734 741
734 748
735 803
735 824
736 743
736 779
736 805
736 825
737 769
738 771
738 772
739 740
739 767
740 767
740 790
741 757
741 768
742 755
742 774
743 779
743 788
744 757
744 772
745 750
745 761
745 781
746 760
746 777
747 769
748 768
748 774
748 794
748 795
749 770
749 780
749 814
749 817
749 840
750 756
750 781
751 761
751 784
752 762
752 786
753 754
753 773
753 793
753 841
754 755
754 793
755 774
755 793
756 782
757 768
757 787
757 816
757 823
758 759
758 769
758 773
758 813
759 773
760 765
760 777
760 799
761 800
761 811
762 801
762 812
763 764
763 791
763 796
764 771
764 796
764 826
764 830
764 857
765 792
766 776
766 780
767 775
767 789
768 797
768 822
769 778
769 798
770 778
770 814
771 787
771 826
772 787
773 813
773 851
774 810
774 815
775 777
775 789
775 807
775 836
776 782
776 818
777 807
778 798
779 802
780 817
780 819
781 782
781 800
781 831
782 820
782 832
783 784
784 811
784 827
784 838
785 786
786 812
786 828
786 839
787 816
788 790
788 802
788 835
789 790
789 834
789 836
789 876
790 834
791 792
791 796
791 833
792 799
792 833
792 849
793 815
793 837
794 795
794 810
795 797
795 829
796 830
797 822
798 813
798 821
798 854
799 807
799 836
799 849
799 869
799 895
800 811
800 844
801 812
801 845
802 825
802 835
802 870
802 902
803 804
803 824
803 842
803 880
803 882
804 808
804 842
805 806
805 825
805 843
805 881
805 883
806 809
806 843
810 815
810 829
810 858
810 878
811 838
811 844
812 839
812 845
813 850
814 821
814 846
815 837
815 873
815 889
816 823
816 826
816 859
817 819
817 840
818 819
818 820
819 820
819 867
819 888
820 832
820 887
821 846
821 862
822 823
822 829
822 855
822 871
823 855
824 880
824 906
825 881
825 907
826 857
826 860
829 858
830 833
830 861
831 832
831 847
832 885
832 887
833 869
833 879
833 898
834 835
834 877
835 870
836 876
836 892
837 841
837 873
838 864
839 866
840 846
840 867
841 856
842 852
842 882
843 853
843 883
844 847
844 874
845 848
845 875
846 862
846 867
846 905
847 874
847 885
848 875
848 886
849 869
850 851
850 854
850 884
850 918
851 856
854 862
854 905
854 920
855 859
855 871
855 897
856 884
856 890
857 861
857 868
857 896
858 872
858 878
859 860
859 897
859 903
859 926
860 868
861 879
861 896
861 932
862 905
863 864
864 874
864 893
864 916
864 936
865 866
866 875
866 894
866 917
866 937
867 888
867 905
867 921
867 954
867 972
867 984
868 904
869 895
869 899
870 891
871 872
871 901
872 900
873 890
873 908
874 910
875 911
876 877
876 892
876 924
877 891
877 924
877 927
877 955
878 889
878 900
878 909
878 934
879 919
880 906
880 912
881 907
881 914
882 893
882 913
883 894
883 915
884 890
884 918
884 935
885 887
885 910
885 942
886 911
886 944
887 888
887 921
887 943
887 961
888 921
889 909
890 922
890 935
891 902
892 895
892 923
895 899
895 923
895 959
896 904
896 933
897 901
897 925
898 899
898 919
898 957
898 964
900 901
900 934
901 925
901 963
901 965
902 907
902 927
902 946
903 904
903 926
903 938
903 967
904 933
905 941
905 954
905 975
905 989
906 912
906 945
907 914
907 947
908 909
908 922
908 948
908 962
909 948
910 916
910 949
911 917
911 950
912 913
912 928
912 945
912 978
913 928
914 915
914 930
914 947
914 979
915 930
916 936
917 937
918 920
918 953
919 932
919 956
920 941
921 961
921 972
921 990
922 935
922 962
922 987
923 924
923 958
923 960
924 958
924 980
925 926
925 965
926 966
927 955
927 969
928 929
928 973
928 978
928 993
930 931
930 974
930 979
930 995
932 933
932 956
932 971
932 988
933 938
933 971
934 963
934 968
934 991
935 953
935 982
935 986
936 939
936 949
936 976
937 940
937 950
937 977
938 970
941 953
941 975
941 981
942 943
942 951
943 961
943 985
944 952
946 947
946 969
946 983
947 983
948 962
948 968
948 1012
949 951
949 976
950 952
950 977
951 985
951 1005
951 1022
952 1006
952 1024
954 984
954 989
955 969
955 980
955 1007
956 957
956 988
956 1017
957 964
957 998
957 1017
957 1033
957 1052
958 960
958 980
958 1008
959 960
959 964
959 997
960 997
960 1032
961 985
961 990
961 1015
962 987
962 1012
962 1037
963 965
964 998
965 966
965 991
965 1001
965 1021
966 967
966 1002
967 970
967 1019
968 1000
969 992
969 1007
969 1011
970 971
970 1020
971 988
971 1020
972 990
973 994
974 996
975 981
975 989
975 1014
975 1026
975 1063
976 1003
976 1005
976 1029
977 1004
977 1006
977 1030
978 1009
979 983
979 1010
979 1016
980 1008
981 982
981 1013
981 1026
981 1045
982 986
983 992
983 1016
984 999
985 1023
986 987
986 1013
987 1013
987 1041
988 1017
988 1036
988 1057
989 1014
990 999
990 1015
990 1048
991 1000
991 1021
991 1035
992 1011
993 994
993 1009
993 1027
994 1003
995 996
995 1010
995 1028
996 1004
997 998
997 1031
998 1033
999 1014
999 1053
1000 1012
1000 1035
1000 1069
1001 1002
1001 1018
1001 1021
1001 1043
1001 1054
1001 1091
1002 1018
1003 1027
1004 1028
1005 1022
1005 1029
1006 1024
1006 1030
1007 1008
1007 1038
1008 1034
1008 1038
1009 1027
1009 1065
1010 1016
1010 1028
1010 1058
1010 1066
1011 1016
1011 1042
1011 1049
1012 1037
1012 1069
1013 1041
1013 1061
1014 1053
1014 1074
1014 1096
1015 1023
1015 1048
1015 1059
1015 1085
1016 1050
1016 1058
1017 1036
1017 1051
1017 1071
1018 1019
1018 1054
1019 1020
1019 1055
1020 1056
1021 1043
1022 1023
1022 1046
1023 1059
1024 1025
1024 1047
1025 1060
1026 1044
1027 1039
1027 1065
1028 1040
1028 1066
1029 1046
1029 1067
1030 1047
1030 1068
1031 1032
1031 1033
1031 1062
1032 1034
1032 1062
1033 1052
1033 1062
1033 1103
1034 1064
1034 1070
1035 1043
1035 1073
1035 1075
1036 1057
1036 1071
1037 1041
1037 1077
1037 1078
1037 1112
1038 1042
1038 1064
1038 1079
1039 1065
1039 1097
1039 1114
1040 1066
1040 1098
1040 1116
1041 1061
1041 1078
1041 1099
1042 1049
1042 1080
1043 1075
1044 1045
1044 1063
1045 1061
1045 1087
1046 1059
1046 1081
1047 1060
1047 1083
1048 1053
1048 1076
1048 1085
1049 1050
1049 1080
1050 1058
1051 1052
1051 1071
1051 1119
1052 1103
1052 1125
1053 1076
1054 1055
1054 1095
1055 1056
1055 1095
1056 1057
1056 1093
1056 1110
1057 1093
1058 1089
1058 1092
1059 1082
1059 1100
1060 1084
1060 1101
1062 1070
1062 1103
1062 1106
1062 1129
1063 1074
1063 1086
1064 1090
1065 1088
1065 1113
1065 1122
1066 1089
1066 1115
1066 1123
1067 1081
1068 1083
1069 1072
1069 1077
1070 1090
1070 1107
1071 1094
1071 1108
1072 1073
1072 1077
1072 1111
1072 1112
1072 1146
1072 1153
1073 1075
1074 1086
1074 1096
1075 1091
1075 1111
1075 1117
1076 1102
1076 1104
1077 1112
1078 1109
1079 1080
1079 1090
1079 1124
1079 1154
1080 1092
1080 1124
1080 1148
1081 1082
1081 1097
1081 1120
1081 1139
1082 1100
1082 1120
1083 1084
1083 1098
1083 1121
1083 1140
1084 1101
1084 1121
1085 1104
1085 1105
1086 1087
1086 1126
1086 1127
1086 1149
1086 1164
1087 1099
1087 1109
1087 1126
1087 1157
1088 1122
1089 1092
1089 1123
1089 1137
1090 1107
1090 1136
1091 1095
1091 1118
1092 1137
1092 1155
1093 1094
1093 1108
1093 1110
1093 1144
1094 1108
1095 1110
1095 1118
1095 1145
1095 1162
1095 1170
1095 1190
1096 1102
1096 1127
1099 1109
1100 1105
1100 1128
1100 1150
1100 1158
1101 1151
1101 1159
1102 1131
1102 1138
1102 1163
1102 1209
1102 1210
1103 1130
1104 1105
1104 1138
1105 1128
1106 1107
1106 1129
1106 1136
1107 1136
1108 1119
1108 1141
1108 1144
1108 1165
1109 1112
1109 1142
1110 1145
1111 1117
1111 1146
1111 1156
1112 1143
1113 1114
1113 1122
1113 1132
1113 1168
1114 1132
1115 1116
1115 1123
1115 1134
1115 1169
1116 1134
1117 1118
1117 1156
1117 1187
1118 1162
1118 1187
1119 1125
1119 1130
1119 1141
1119 1177
1119 1206
1119 1207
1119 1236
1119 1252
1120 1139
1120 1150
1120 1173
1121 1140
1121 1151
1121 1175
1122 1168
1122 1188
1123 1137
1123 1169
1123 1179
1124 1147
1125 1130
1126 1149
1126 1157
1127 1131
1127 1163
1128 1138
1128 1158
1128 1186
1129 1130
1129 1136
1129 1189
1129 1197
1130 1177
1131 1163
1132 1133
1132 1166
1134 1135
1134 1167
1136 1154
1137 1155
1137 1178
1137 1179
1138 1186
1138 1210
1139 1172
1140 1174
1141 1165
1141 1196
1142 1143
1142 1153
1142 1157
1142 1195
1142 1212
1143 1153
1144 1152
1144 1165
1145 1152
1145 1170
1146 1161
1147 1148
1147 1154
1147 1176
1147 1185
1148 1160
1148 1176
1149 1171
1150 1180
1151 1182
1152 1184
1153 1161
1153 1213
1154 1185
1154 1198
1154 1205
1155 1160
1156 1161
1156 1187
1156 1223
1157 1171
1157 1194
1158 1181
1159 1183
1160 1176
1160 1191
1161 1222
1161 1224
1162 1187
1162 1190
1162 1221
1163 1164
1163 1201
1163 1209
1164 1171
1164 1202
1164 1208
1165 1184
1165 1196
1166 1168
1166 1172
1166 1203
1167 1169
1167 1174
1167 1204
1168 1203
1169 1204
1170 1184
1170 1190
1171 1208
1172 1173
1172 1199
1173 1192
1174 1175
1174 1200
1175 1193
1176 1185
1176 1205
1176 1228
1176 1239
1176 1250
1177 1189
1177 1207
1178 1179
1178 1191
1179 1216
1179 1219
1180 1181
1180 1192
1180 1211
1181 1186
1181 1211
1182 1183
1182 1193
1182 1214
1183 1214
1184 1225
1184 1226
1186 1229
1187 1221
1187 1233
1188 1215
1188 1217
1189 1197
1189 1207
1189 1234
1190 1221
1190 1225
1190 1251
1191 1218
1191 1228
1191 1238
1192 1199
1192 1231
1193 1200
1193 1232
1194 1195
1194 1208
1194 1220
1194 1237
1194 1254
1194 1280
1195 1220
1196 1206
1196 1226
1196 1235
1197 1198
1197 1234
1197 1242
1198 1205
1199 1203
1199 1231
1199 1240
1199 1267
1200 1204
1200 1232
1200 1241
1200 1268
1201 1202
1201 1209
1201 1246
1201 1261
1202 1237
1202 1261
1203 1215
1203 1240
1203 1244
1203 1257
1204 1216
1204 1241
1204 1245
1204 1258
1205 1239
1205 1243
1206 1235
1207 1236
1207 1253
1208 1237
1209 1227
1209 1246
1210 1227
1210 1230
1211 1229
1211 1231
1211 1256
1211 1264
1212 1213
1212 1220
1212 1224
1212 1271
1213 1224
1214 1232
1214 1266
1215 1217
1215 1244
1216 1219
1216 1245
1218 1219
1218 1238
1219 1247
1220 1254
1220 1282
1221 1233
1221 1251
1221 1269
1222 1223
1222 1224
1222 1249
1223 1233
1224 1249
1224 1271
1225 1226
1225 1251
1225 1270
1226 1255
1226 1285
1226 1291
1227 1230
1227 1246
1227 1262
1228 1238
1228 1250
1228 1273
1228 1279
1229 1230
1229 1256
1230 1260
1231 1263
1232 1265
1233 1249
1233 1272
1233 1274
1234 1248
1234 1253
1235 1252
1235 1255
1235 1275
1235 1287
1236 1252
1236 1253
1236 1295
1236 1301
1237 1261
1237 1280
1237 1304
1238 1247
1238 1279
1239 1243
1239 1250
1239 1278
1239 1289
1239 1303
1239 1315
1240 1257
1240 1267
1241 1258
1241 1268
1242 1243
1242 1248
1242 1281
1243 1278
1244 1276
1245 1247
1245 1277
1246 1261
1246 1288
1247 1277
1247 1279
1248 1253
1248 1281
1249 1271
1249 1274
1250 1273
1251 1269
1252 1275
1252 1295
1253 1298
1253 1301
1253 1330
1254 1282
1255 1286
1256 1259
1256 1264
1256 1294
1257 1267
1257 1276
1257 1308
1258 1268
1258 1277
1258 1309
1259 1260
1259 1293
1260 1262
1261 1302
1261 1311
1262 1288
1263 1264
1263 1283
1263 1299
1264 1299
1265 1266
1265 1284
1265 1300
1266 1300
1267 1283
1267 1308
1267 1336
1268 1284
1268 1309
1268 1338
1269 1270
1269 1272
1269 1297
1269 1312
1270 1291
1270 1297
1271 1290
1271 1296
1271 1327
1271 1353
1271 1382
1271 1384
1272 1274
1272 1296
1272 1314
1273 1289
1274 1296
1275 1287
1276 1305
1276 1308
1277 1307
1277 1309
1278 1281
1278 1303
1278 1313
1279 1306
1279 1310
1280 1292
1280 1304
1281 1298
1281 1313
1281 1340
1282 1290
1282 1292
1282 1318
1283 1323
1283 1337
1283 1346
1284 1324
1284 1339
1284 1347
1285 1286
1285 1291
1285 1319
1285 1334
1285 1364
1286 1287
1286 1319
1287 1295
1287 1322
1288 1293
1288 1302
1288 1326
1288 1328
1289 1310
1289 1315
1289 1343
1290 1318
1291 1321
1292 1318
1292 1333
1293 1294
1293 1326
1294 1316
1295 1322
1295 1325
1295 1345
1296 1327
1296 1369
1296 1387
1297 1312
1297 1320
1298 1331
1299 1316
1299 1323
1300 1317
1300 1324
1301 1325
1301 1330
1302 1311
1302 1328
1302 1363
1303 1315
1303 1329
1304 1311
1304 1332
1305 1308
1306 1307
1306 1310
1306 1335
1307 1309
1307 1335
1308 1341
1308 1350
1309 1342
1309 1351
1310 1344
1311 1332
1311 1372
1312 1314
1312 1320
1312 1348
1313 1329
1313 1340
1313 1354
1314 1348
1314 1369
1314 1371
1315 1349
1315 1352
1316 1323
1316 1326
1316 1360
1316 1375
1317 1324
1317 1376
1318 1333
1318 1353
1318 1366
1319 1322
1319 1355
1320 1321
1320 1334
1320 1348
1321 1334
1322 1345
1322 1356
1323 1346
1323 1367
1324 1347
1324 1368
1325 1345
1325 1358
1326 1360
1327 1382
1328 1361
1328 1362
1329 1354
1330 1331
1330 1359
1331 1340
1331 1359
1332 1333
1332 1365
1332 1373
1334 1364
1334 1385
1334 1391
1335 1351
1335 1357
1336 1337
1336 1341
1337 1341
1337 1367
1337 1401
1338 1339
1338 1342
1339 1342
1339 1368
1339 1402
1340 1374
1341 1350
1341 1395
1342 1351
1342 1397
1343 1344
1343 1349
1343 1377
1344 1357
1344 1378
1345 1370
1345 1379
1346 1367
1347 1368
1348 1371
1348 1385
1348 1388
1349 1352
1349 1377
1349 1381
1349 1409
1350 1394
1351 1380
1351 1396
1351 1419
1352 1354
1352 1381
1353 1384
1353 1389
1354 1374
1354 1399
1354 1411
1355 1356
1355 1364
1355 1398
1355 1404
1355 1428
1356 1370
1356 1398
1357 1380
1357 1383
1358 1359
1358 1379
1359 1374
1359 1403
1359 1405
1360 1361
1360 1392
1361 1362
1361 1390
1361 1392
1361 1426
1362 1363
1362 1390
1363 1372
1363 1390
1364 1391
1364 1404
1365 1366
1365 1373
1365 1408
1365 1424
1365 1438
1366 1389
1366 1408
1367 1375
1367 1401
1367 1413
1367 1429
1367 1441
1367 1469
1367 1489
1367 1503
1367 1518
1367 1537
1367 1569
1368 1376
1368 1402
1368 1414
1368 1430
1368 1442
1368 1470
1368 1490
1368 1504
1368 1519
1368 1538
1368 1570
1368 1578
1369 1371
1369 1387
1369 1417
1369 1421
1370 1386
1371 1388
1371 1417
1372 1373
1372 1407
1372 1412
1373 1412
1373 1424
1374 1406
1374 1410
1375 1392
1375 1413
1376 1393
1376 1414
1377 1378
1377 1409
1377 1416
1378 1383
1379 1386
1379 1403
1379 1423
1380 1383
1380 1418
1381 1400
1382 1384
1382 1387
1382 1443
1382 1449
1382 1466
1382 1468
1383 1416
1383 1418
1384 1389
1384 1443
1385 1388
1385 1391
1385 1432
1386 1398
1386 1422
1387 1421
1388 1432
1388 1452
1389 1408
1390 1407
1390 1426
1390 1448
1391 1420
1391 1433
1392 1425
1393 1427
1394 1395
1395 1401
1395 1441
1395 1446
1396 1397
1396 1419
1397 1402
1397 1442
1397 1447
1398 1428
1399 1400
1399 1411
1399 1415
1400 1415
1401 1441
1402 1442
1403 1405
1403 1434
1404 1420
1404 1437
1405 1406
1405 1434
1405 1440
1405 1455
1406 1410
1407 1412
1407 1448
1407 1460
1408 1439
1409 1415
1409 1431
1410 1411
1410 1440
1410 1475
1411 1453
1412 1445
1413 1429
1413 1435
1414 1430
1414 1436
1415 1431
1415 1454
1416 1418
1416 1431
1416 1458
1417 1421
1417 1451
1418 1419
1418 1450
1418 1459
1419 1447
1419 1450
1419 1476
1420 1444
1421 1449
1421 1451
1422 1423
1422 1428
1422 1456
1422 1462
1423 1434
1423 1456
1424 1438
1424 1445
1424 1480
1425 1426
1425 1435
1426 1435
1426 1448
1426 1486
1426 1496
1427 1436
1428 1437
1428 1457
1429 1435
1430 1436
1431 1454
1431 1458
1431 1501
1432 1433
1432 1463
1432 1464
1433 1444
1434 1471
1435 1489
1436 1490
1437 1444
1437 1457
1438 1439
1438 1472
1439 1443
1439 1472
1439 1473
1440 1455
1440 1475
1441 1469
1442 1470
1443 1465
1444 1464
1444 1481
1445 1461
1446 1469
1447 1470
1448 1479
1448 1486
1449 1467
1449 1468
1449 1492
1450 1478
1451 1452
1451 1467
1451 1487
1452 1463
1452 1488
1453 1454
1453 1475
1453 1493
1453 1515
1454 1494
1455 1471
1455 1475
1455 1506
1455 1527
1456 1462
1456 1471
1456 1514
1456 1536
1457 1462
1457 1482
1458 1459
1458 1491
1459 1477
1459 1491
1460 1461
1460 1479
1460 1499
1461 1483
1462 1482
1462 1535
1463 1464
1463 1488
1463 1521
1464 1481
1464 1521
1464 1524
1464 1551
1465 1466
1465 1474
1466 1468
1466 1500
1467 1487
1468 1492
1469 1503
1469 1507
1470 1476
1470 1504
1470 1508
1471 1506
1472 1480
1472 1484
1473 1474
1473 1485
1474 1500
1474 1505
1475 1520
1475 1528
1476 1478
1476 1511
1476 1516
1477 1478
1477 1513
1479 1486
1479 1499
1479 1523
1480 1483
1480 1509
1480 1517
1481 1482
1481 1524
1482 1525
1483 1499
1484 1485
1484 1505
1484 1509
1484 1542
1485 1505
1486 1496
1486 1522
1487 1488
1487 1492
1487 1529
1488 1530
1489 1495
1489 1518
1490 1497
1490 1519
1491 1502
1491 1512
1492 1500
1492 1543
1492 1557
1493 1494
1493 1515
1493 1539
1493 1548
1493 1575
1493 1593
1494 1501
1495 1496
1495 1533
1495 1549
1496 1533
1497 1498
1497 1534
1497 1550
1498 1534
1499 1523
1499 1526
1499 1566
1500 1532
1500 1543
1501 1502
1501 1539
1502 1512
1502 1539
1502 1564
1503 1507
1503 1537
1504 1508
1504 1538
1505 1532
1505 1542
1505 1597
1505 1605
1505 1616
1506 1514
1507 1510
1507 1537
1508 1511
1508 1538
1509 1517
1509 1542
1510 1537
1511 1516
1511 1538
1511 1553
1512 1513
1512 1565
1513 1516
1513 1552
1514 1531
1514 1541
1515 1520
1515 1548
1516 1553
1517 1526
1517 1542
1517 1556
1518 1545
1519 1547
1520 1528
1520 1548
1520 1568
1521 1540
1522 1523
1522 1533
1523 1572
1523 1574
1524 1525
1524 1554
1525 1535
1525 1562
1525 1573
1526 1555
1527 1528
1527 1531
1527 1558
1527 1563
1528 1563
1529 1530
1529 1557
1529 1582
1530 1540
1530 1577
1530 1634
1531 1541
1531 1558
1532 1543
1532 1580
1532 1605
1533 1559
1533 1572
1534 1560
1535 1536
1535 1571
1536 1541
1536 1567
1538 1578
1538 1581
1539 1576
1540 1551
1540 1577
1541 1567
1541 1583
1541 1599
1541 1612
1542 1556
1542 1597
1543 1561
1543 1580
1544 1545
1545 1549
1545 1584
1546 1547
1547 1550
1547 1585
1548 1587
1549 1559
1549 1588
1550 1560
1550 1589
1551 1554
1551 1595
1552 1553
1552 1565
1552 1581
1553 1581
1554 1562
1554 1600
1555 1556
1555 1566
1555 1574
1555 1597
1557 1561
1557 1582
1558 1583
1559 1572
1559 1590
1560 1591
1561 1580
1562 1573
1562 1603
1563 1568
1563 1594
1564 1565
1564 1579
1564 1592
1565 1592
1565 1608
1566 1574
1567 1571
1567 1599
1568 1586
1569 1584
1569 1590
1569 1637
1569 1645
1569 1647
1569 1654
1570 1585
1570 1591
1570 1639
1570 1646
1570 1648
1570 1656
1571 1573
1572 1590
1572 1604
1572 1617
1572 1619
1573 1599
1573 1603
1574 1604
1574 1609
1575 1576
1575 1596
1575 1601
1576 1579
1577 1595
1577 1615
1577 1621
1577 1650
1577 1686
1578 1581
1578 1633
1578 1638
1578 1661
1578 1668
1579 1598
1580 1582
1580 1606
1580 1607
1581 1608
1582 1631
1582 1634
1582 1674
1583 1594
1583 1613
1584 1588
1585 1589
1586 1587
1586 1594
1586 1610
1587 1593
1587 1610
1588 1590
1589 1591
1592 1598
1592 1601
1592 1632
1592 1663
1592 1681
1593 1596
1593 1610
1594 1635
1595 1600
1596 1611
1597 1629
1597 1662
1597 1677
1598 1601
1599 1612
1599 1644
1599 1658
1600 1602
1600 1615
1601 1611
1602 1603
1602 1643
1604 1609
1604 1620
1605 1606
1605 1651
1607 1627
1607 1631
1607 1665
1607 1692
1608 1633
1609 1614
1610 1642
1610 1649
1610 1694
1611 1642
1611 1652
1611 1664
1612 1613
1612 1628
1613 1635
1613 1659
1616 1651
1616 1662
1616 1683
1620 1640
1620 1657
1620 1672
1620 1687
1621 1643
1621 1682
1621 1696
1621 1710
1622 1632
1623 1635
1624 1640
1625 1641
1626 1650
1627 1651
1629 1657
1629 1677
1630 1652
1631 1666
1632 1633
1632 1667
1633 1667
1634 1650
1634 1675
1635 1649
1635 1671
1635 1678
1636 1637
1636 1660
1636 1669
1636 1697
1637 1653
1637 1669
1638 1639
1638 1661
1638 1670
1638 1698
1639 1655
1639 1670
1640 1645
1640 1672
1641 1646
1641 1673
1642 1664
1642 1694
1643 1644
1643 1682
1644 1676
1644 1685
1645 1647
1645 1654
1645 1679
1646 1648
1646 1656
1646 1680
1647 1654
1648 1656
1649 1678
1649 1694
1650 1686
1650 1693
1651 1684
1651 1688
1652 1663
1652 1664
1653 1654
1653 1669
1653 1690
1653 1697
1653 1715
1653 1728
1654 1690
1654 1699
1655 1656
1655 1670
1655 1691
1655 1698
1655 1716
1655 1729
1656 1691
1656 1700
1657 1687
1658 1659
1658 1676
1659 1671
1659 1695
1660 1697
1661 1668
1661 1698
1661 1701
1662 1677
1662 1683
1662 1707
1663 1681
1663 1689
1663 1702
1664 1689
1664 1694
1665 1666
1665 1692
1665 1703
1666 1674
1666 1703
1666 1708
1667 1668
1667 1681
1667 1704
1668 1701
1671 1678
1671 1695
1672 1679
1672 1705
1673 1680
1674 1675
1674 1706
1674 1708
1675 1693
1675 1706
1675 1719
1676 1685
1676 1695
1677 1687
1677 1707
1677 1717
1679 1699
1680 1700
1681 1709
1682 1685
1682 1710
1683 1684
1683 1688
1683 1712
1683 1722
1684 1688
1685 1711
1686 1693
1686 1696
1686 1720
1687 1705
1688 1692
1688 1718
1688 1722
1688 1730
1689 1702
1689 1723
1690 1713
1691 1714
1692 1703
1692 1718
1698 1721
1699 1705
1699 1713
1700 1714
1701 1704
1701 1721
1701 1727
1702 1709
1702 1723
1704 1709
1704 1726
1705 1717
1706 1708
1706 1719
1707 1712
1707 1717
1708 1725
1710 1711
1710 1724
1713 1715
1714 1716
1715 1728
1716 1729
1718 1730
1719 1720
1719 1731
1722 1730
1725 1731
1726 1727
